0.00 0.50 0.00 0.50 0.00 0.00 0.00 0.00 0.00 0.00 -1.00
0.02 0.32 0.36 0.50 -0.00 0.00 0.00 0.00 -0.00 0.00 -1.00
0.04 0.32 0.36 0.50 -0.00 -0.08 0.17 954.18 -30.63 0.80 -1.03
0.06 0.32 0.36 0.50 0.00 -0.09 -0.64 901.66 -111.54 2.30 -1.14
0.08 0.32 0.36 0.50 0.02 -0.06 -1.36 836.35 -1041.28 4.42 -2.12
0.10 0.32 0.36 0.50 0.03 -0.00 -1.68 348.35 -1349.51 6.71 -4.17
0.12 0.32 0.36 0.50 0.04 0.05 -1.47 36.11 -848.52 8.91 -6.82
0.14 0.32 0.36 0.50 0.05 0.09 -1.16 -75.24 -506.02 10.93 -9.74
0.16 0.32 0.36 0.49 0.06 0.12 -0.89 -114.23 -308.94 12.74 -12.76
0.18 0.32 0.36 0.49 0.07 0.14 -0.65 -125.20 -190.25 14.35 -15.78
0.20 0.32 0.36 0.49 0.07 0.17 -0.45 -124.02 -115.30 15.77 -18.73
0.22 0.32 0.36 0.49 0.07 0.18 -0.29 -117.30 -66.44 17.02 -21.58
0.24 0.32 0.36 0.49 0.07 0.20 -0.15 -108.13 -34.03 18.11 -24.30
0.26 0.32 0.36 0.48 0.07 0.21 -0.04 -98.06 -12.40 19.05 -26.88
0.28 0.32 0.36 0.48 0.07 0.22 0.05 -87.91 1.96 19.88 -29.32
0.30 0.32 0.36 0.48 0.07 0.22 0.13 -78.09 11.33 20.59 -31.62
0.32 0.32 0.36 0.48 0.07 0.23 0.19 -68.84 17.23 21.20 -33.78
0.34 0.32 0.36 0.47 0.06 0.23 0.24 -60.26 20.72 21.74 -35.80
0.36 0.32 0.36 0.47 0.06 0.24 0.28 -52.36 22.52 22.20 -37.70
0.38 0.32 0.36 0.47 0.06 0.24 0.32 -45.16 23.15 22.60 -39.48
0.40 0.32 0.36 0.47 0.06 0.24 0.34 -38.63 22.98 22.94 -41.14
0.42 0.32 0.36 0.47 0.05 0.24 0.36 -32.72 22.27 23.24 -42.69
0.44 0.32 0.36 0.46 0.05 0.24 0.38 -27.39 21.23 23.50 -44.14
0.46 0.32 0.36 0.46 0.05 0.23 0.39 -22.59 19.97 23.73 -45.49
0.48 0.32 0.36 0.46 0.05 0.23 0.40 -18.28 18.61 23.92 -46.76
0.50 0.32 0.36 0.46 0.04 0.23 0.40 -14.42 17.20 24.10 -47.94
0.52 0.32 0.36 0.46 0.04 0.23 0.41 -10.96 15.81 24.26 -49.04
0.54 0.32 0.36 0.46 0.04 0.22 0.41 -7.86 14.47 24.40 -50.08
0.56 0.32 0.36 0.45 0.04 0.22 0.41 -5.09 13.19 24.53 -51.04
0.58 0.32 0.36 0.45 0.04 0.21 0.40 -2.62 12.00 24.65 -51.95
0.60 0.32 0.36 0.45 0.03 0.21 0.40 -0.42 10.89 24.77 -52.79
0.62 0.32 0.36 0.45 0.03 0.20 0.40 1.55 9.89 24.88 -53.59
0.64 0.32 0.36 0.45 0.03 0.20 0.39 3.30 8.98 24.98 -54.33
0.66 0.32 0.36 0.45 0.03 0.20 0.39 4.85 8.16 25.09 -55.02
0.68 0.32 0.36 0.45 0.03 0.19 0.39 6.24 7.43 25.19 -55.67
0.70 0.32 0.36 0.44 0.03 0.19 0.38 7.46 6.80 25.30 -56.28
0.72 0.32 0.36 0.44 0.03 0.18 0.37 8.55 6.24 25.40 -56.85
0.74 0.32 0.36 0.44 0.02 0.18 0.37 9.51 5.76 25.51 -57.39
0.76 0.32 0.36 0.44 0.02 0.17 0.36 10.36 5.36 25.62 -57.89
0.78 0.32 0.36 0.44 0.02 0.17 0.36 11.11 5.02 25.74 -58.36
0.80 0.32 0.36 0.44 0.02 0.16 0.35 11.77 4.75 25.85 -58.80
0.82 0.32 0.36 0.44 0.02 0.16 0.34 12.35 4.53 25.98 -59.22
0.84 0.32 0.36 0.44 0.02 0.15 0.34 12.85 4.37 26.10 -59.60
0.86 0.32 0.36 0.44 0.02 0.15 0.33 13.29 4.25 26.23 -59.97
0.88 0.32 0.36 0.44 0.02 0.14 0.33 13.68 4.18 26.37 -60.31
0.90 0.32 0.36 0.43 0.02 0.14 0.32 14.01 4.14 26.50 -60.62
0.92 0.32 0.36 0.43 0.02 0.13 0.32 14.30 4.14 26.65 -60.92
0.94 0.32 0.36 0.43 0.02 0.13 0.31 14.54 4.18 26.80 -61.20
0.96 0.32 0.36 0.43 0.02 0.13 0.30 14.76 4.24 26.95 -61.46
0.98 0.32 0.36 0.43 0.02 0.12 0.30 14.93 4.33 27.10 -61.70
1.00 0.32 0.36 0.43 0.02 0.12 0.29 15.08 4.44 27.26 -61.92
1.02 0.32 0.36 0.43 0.02 0.11 0.29 15.20 4.57 27.43 -62.13
1.04 0.32 0.36 0.43 0.02 0.11 0.28 15.30 4.72 27.60 -62.33
1.06 0.32 0.36 0.43 0.03 0.11 0.28 15.38 4.88 27.77 -62.51
1.08 0.32 0.36 0.43 0.03 0.10 0.27 15.44 5.06 27.94 -62.67
1.10 0.32 0.36 0.43 0.03 0.10 0.27 15.49 5.25 28.12 -62.82
1.12 0.32 0.36 0.43 0.03 0.09 0.26 15.52 5.45 28.30 -62.96
1.14 0.32 0.36 0.43 0.03 0.09 0.26 15.54 5.66 28.49 -63.09
1.16 0.32 0.36 0.43 0.03 0.09 0.25 15.55 5.87 28.68 -63.20
1.18 0.32 0.36 0.43 0.03 0.08 0.25 15.55 6.09 28.87 -63.31
1.20 0.32 0.36 0.43 0.03 0.08 0.24 15.53 6.32 29.06 -63.40
1.22 0.32 0.36 0.43 0.03 0.07 0.24 15.52 6.55 29.26 -63.48
1.24 0.32 0.36 0.43 0.03 0.07 0.23 15.49 6.78 29.45 -63.55
1.26 0.32 0.36 0.43 0.04 0.07 0.23 15.46 7.01 29.65 -63.62
1.28 0.32 0.36 0.43 0.04 0.06 0.23 15.42 7.24 29.86 -63.67
1.30 0.32 0.36 0.43 0.04 0.06 0.22 15.38 7.47 30.06 -63.71
1.32 0.32 0.36 0.43 0.04 0.06 0.22 15.34 7.69 30.27 -63.75
1.34 0.32 0.36 0.43 0.04 0.05 0.21 15.29 7.92 30.47 -63.77
1.36 0.32 0.36 0.43 0.04 0.05 0.21 15.24 8.14 30.68 -63.79
1.38 0.32 0.36 0.43 0.04 0.05 0.20 15.19 8.36 30.89 -63.80
1.40 0.32 0.36 0.43 0.05 0.04 0.20 15.13 8.57 31.10 -63.81
1.42 0.32 0.36 0.43 0.05 0.04 0.20 15.08 8.78 31.32 -63.80
1.44 0.32 0.36 0.43 0.05 0.04 0.19 15.02 8.98 31.53 -63.79
1.46 0.32 0.36 0.42 0.05 0.04 0.19 14.96 9.18 31.75 -63.77
1.48 0.32 0.36 0.42 0.05 0.03 0.18 14.90 9.37 31.96 -63.74
1.50 0.32 0.36 0.42 0.05 0.03 0.18 14.84 9.55 32.18 -63.71
1.52 0.32 0.36 0.42 0.06 0.03 0.18 14.78 9.73 32.39 -63.67
1.54 0.32 0.36 0.42 0.06 0.02 0.17 14.72 9.90 32.61 -63.63
1.56 0.32 0.36 0.42 0.06 0.02 0.17 14.66 10.06 32.83 -63.58
1.58 0.32 0.36 0.42 0.06 0.02 0.17 14.60 10.21 33.05 -63.52
1.60 0.32 0.36 0.42 0.06 0.02 0.16 14.53 10.35 33.26 -63.46
1.62 0.32 0.36 0.42 0.06 0.01 0.16 14.47 10.49 33.48 -63.39
1.64 0.32 0.36 0.42 0.07 0.01 0.15 14.41 10.61 33.70 -63.32
1.66 0.32 0.36 0.42 0.07 0.01 0.15 14.35 10.73 33.92 -63.24
1.68 0.32 0.36 0.42 0.07 0.01 0.15 14.29 10.83 34.14 -63.16
1.70 0.32 0.36 0.42 0.07 0.00 0.14 14.23 10.93 34.36 -63.07
1.72 0.32 0.36 0.42 0.07 0.00 0.14 14.17 11.02 34.58 -62.98
1.74 0.32 0.36 0.42 0.08 -0.00 0.14 14.11 11.10 34.79 -62.88
1.76 0.32 0.36 0.42 0.08 -0.00 0.13 14.06 11.17 35.01 -62.78
1.78 0.32 0.36 0.42 0.08 -0.00 0.13 14.00 11.23 35.23 -62.68
1.80 0.32 0.36 0.42 0.08 -0.01 0.13 13.94 11.28 35.45 -62.57
1.82 0.32 0.36 0.42 0.08 -0.01 0.12 13.88 11.32 35.67 -62.46
1.84 0.32 0.36 0.42 0.08 -0.01 0.12 13.83 11.35 35.88 -62.35
1.86 0.32 0.36 0.42 0.09 -0.01 0.12 13.77 11.37 36.10 -62.23
1.88 0.32 0.36 0.42 0.09 -0.01 0.12 13.72 11.39 36.32 -62.11
1.90 0.32 0.36 0.42 0.09 -0.02 0.11 13.67 11.39 36.53 -61.98
1.92 0.32 0.36 0.42 0.09 -0.02 0.11 13.61 11.39 36.75 -61.86
1.94 0.32 0.36 0.42 0.09 -0.02 0.11 13.56 11.38 36.97 -61.73
1.96 0.32 0.36 0.42 0.10 -0.02 0.10 13.51 11.36 37.18 -61.60
1.98 0.32 0.36 0.42 0.10 -0.02 0.10 13.46 11.33 37.40 -61.46
2.00 0.32 0.36 0.42 0.10 -0.02 0.10 13.41 11.30 37.61 -61.33
2.02 0.32 0.36 0.42 0.10 -0.03 0.10 13.36 11.26 37.82 -61.19
2.04 0.32 0.36 0.42 0.10 -0.03 0.09 13.31 11.21 38.04 -61.05
2.06 0.32 0.36 0.42 0.11 -0.03 0.09 13.27 11.16 38.25 -60.91
2.08 0.32 0.36 0.42 0.11 -0.03 0.09 13.22 11.10 38.46 -60.76
2.10 0.32 0.36 0.42 0.11 -0.03 0.09 13.17 11.03 38.68 -60.62
2.12 0.32 0.36 0.42 0.11 -0.03 0.08 13.13 10.96 38.89 -60.47
2.14 0.32 0.36 0.42 0.11 -0.03 0.08 13.08 10.89 39.10 -60.32
2.16 0.32 0.36 0.42 0.12 -0.03 0.08 13.04 10.81 39.31 -60.18
2.18 0.32 0.36 0.42 0.12 -0.03 0.08 12.99 10.72 39.52 -60.03
2.20 0.32 0.36 0.42 0.12 -0.04 0.07 12.95 10.63 39.73 -59.88
2.22 0.32 0.36 0.42 0.12 -0.04 0.07 12.90 10.54 39.93 -59.73
2.24 0.32 0.36 0.42 0.12 -0.04 0.07 12.86 10.45 40.14 -59.57
2.26 0.32 0.36 0.42 0.13 -0.04 0.07 12.82 10.36 40.35 -59.42
2.28 0.32 0.36 0.42 0.13 -0.04 0.07 12.78 10.26 40.56 -59.27
2.30 0.32 0.36 0.42 0.13 -0.04 0.06 12.73 10.16 40.76 -59.12
2.32 0.32 0.36 0.42 0.13 -0.04 0.06 12.69 10.06 40.97 -58.97
2.34 0.32 0.36 0.42 0.13 -0.04 0.06 12.65 9.96 41.17 -58.81
2.36 0.32 0.36 0.42 0.14 -0.04 0.06 12.61 9.86 41.38 -58.66
2.38 0.32 0.36 0.42 0.14 -0.04 0.06 12.56 9.76 41.58 -58.51
2.40 0.32 0.36 0.42 0.14 -0.04 0.05 12.52 9.66 41.78 -58.36
2.42 0.32 0.36 0.42 0.14 -0.04 0.05 12.48 9.56 41.99 -58.21
2.44 0.32 0.36 0.42 0.14 -0.04 0.05 12.44 9.46 42.19 -58.06
2.46 0.32 0.36 0.41 0.15 -0.04 0.05 12.40 9.36 42.39 -57.90
2.48 0.32 0.36 0.41 0.15 -0.04 0.05 12.35 9.26 42.59 -57.75
2.50 0.32 0.36 0.41 0.15 -0.04 0.05 12.31 9.17 42.79 -57.60
2.52 0.32 0.36 0.41 0.15 -0.04 0.05 12.27 9.08 42.99 -57.45
2.54 0.32 0.36 0.41 0.15 -0.04 0.05 12.23 8.99 43.19 -57.31
2.56 0.32 0.36 0.41 0.16 -0.04 0.04 12.18 8.90 43.39 -57.16
2.58 0.32 0.36 0.41 0.16 -0.04 0.04 12.14 8.82 43.58 -57.01
2.60 0.32 0.36 0.41 0.16 -0.04 0.04 12.10 8.74 43.78 -56.86
2.62 0.32 0.36 0.41 0.16 -0.04 0.04 12.05 8.67 43.98 -56.72
2.64 0.32 0.36 0.41 0.16 -0.04 0.04 12.01 8.59 44.17 -56.57
2.66 0.32 0.36 0.41 0.17 -0.04 0.04 11.96 8.53 44.37 -56.43
2.68 0.32 0.36 0.41 0.17 -0.04 0.04 11.92 8.46 44.56 -56.28
2.70 0.32 0.36 0.41 0.17 -0.04 0.04 11.87 8.40 44.76 -56.14
2.72 0.32 0.36 0.41 0.17 -0.05 0.04 11.83 8.34 44.95 -56.00
2.74 0.32 0.36 0.41 0.17 -0.05 0.04 11.78 8.29 45.14 -55.86
2.76 0.32 0.36 0.41 0.18 -0.05 0.04 11.73 8.25 45.33 -55.72
2.78 0.32 0.36 0.41 0.18 -0.04 0.03 11.68 8.20 45.52 -55.58
2.80 0.32 0.36 0.41 0.18 -0.04 0.03 11.63 8.17 45.71 -55.44
2.82 0.32 0.36 0.41 0.18 -0.04 0.03 11.59 8.14 45.90 -55.30
2.84 0.32 0.36 0.41 0.18 -0.04 0.03 11.54 8.11 46.09 -55.16
2.86 0.32 0.36 0.41 0.18 -0.04 0.03 11.48 8.08 46.28 -55.03
2.88 0.32 0.36 0.41 0.19 -0.04 0.03 11.43 8.07 46.47 -54.89
2.90 0.32 0.36 0.40 0.19 -0.04 0.03 11.38 8.05 46.66 -54.75
2.92 0.32 0.36 0.40 0.19 -0.04 0.03 11.33 8.05 46.84 -54.62
2.94 0.32 0.36 0.40 0.19 -0.04 0.03 11.27 8.04 47.03 -54.49
2.96 0.32 0.36 0.40 0.19 -0.04 0.03 11.22 8.04 47.21 -54.35
2.98 0.32 0.36 0.40 0.20 -0.04 0.03 11.16 8.05 47.40 -54.22
3.00 0.32 0.36 0.40 0.20 -0.04 0.03 11.11 8.06 47.58 -54.09
3.02 0.32 0.36 0.40 0.20 -0.04 0.03 11.05 8.08 47.76 -53.95
3.04 0.32 0.36 0.40 0.20 -0.04 0.03 10.99 8.10 47.95 -53.82
3.06 0.32 0.36 0.40 0.20 -0.04 0.03 10.93 8.13 48.13 -53.69
3.08 0.32 0.36 0.40 0.20 -0.04 0.03 10.88 8.16 48.31 -53.56
3.10 0.32 0.36 0.40 0.21 -0.04 0.03 10.81 8.20 48.49 -53.43
3.12 0.32 0.36 0.40 0.21 -0.04 0.03 10.75 8.24 48.67 -53.30
3.14 0.32 0.36 0.40 0.21 -0.04 0.03 10.69 8.28 48.84 -53.17
3.16 0.32 0.36 0.40 0.21 -0.04 0.03 10.63 8.33 49.02 -53.04
3.18 0.32 0.36 0.40 0.21 -0.04 0.03 10.56 8.39 49.20 -52.91
3.20 0.32 0.36 0.40 0.21 -0.04 0.03 10.50 8.45 49.37 -52.78
3.22 0.32 0.36 0.39 0.22 -0.04 0.03 10.43 8.51 49.55 -52.65
3.24 0.32 0.36 0.39 0.22 -0.04 0.03 10.37 8.58 49.72 -52.52
3.26 0.32 0.36 0.39 0.22 -0.04 0.03 10.30 8.65 49.90 -52.39
3.28 0.32 0.36 0.39 0.22 -0.04 0.03 10.23 8.73 50.07 -52.26
3.30 0.32 0.36 0.39 0.22 -0.04 0.03 10.16 8.82 50.24 -52.13
3.32 0.32 0.36 0.39 0.22 -0.04 0.03 10.09 8.90 50.41 -51.99
3.34 0.32 0.36 0.39 0.23 -0.04 0.03 10.02 8.99 50.58 -51.86
3.36 0.32 0.36 0.39 0.23 -0.04 0.03 9.95 9.09 50.75 -51.73
3.38 0.32 0.36 0.39 0.23 -0.04 0.03 9.87 9.19 50.92 -51.60
3.40 0.32 0.36 0.39 0.23 -0.04 0.03 9.80 9.29 51.08 -51.46
3.42 0.32 0.36 0.39 0.23 -0.04 0.03 9.72 9.40 51.25 -51.33
3.44 0.32 0.36 0.39 0.23 -0.04 0.03 9.65 9.51 51.41 -51.20
3.46 0.32 0.36 0.39 0.24 -0.04 0.03 9.57 9.62 51.58 -51.06
3.48 0.32 0.36 0.39 0.24 -0.04 0.03 9.49 9.74 51.74 -50.93
3.50 0.32 0.36 0.39 0.24 -0.04 0.03 9.41 9.86 51.90 -50.79
3.52 0.32 0.36 0.39 0.24 -0.04 0.03 9.33 9.99 52.06 -50.65
3.54 0.32 0.36 0.38 0.24 -0.04 0.03 9.25 10.12 52.22 -50.51
3.56 0.32 0.36 0.38 0.24 -0.04 0.03 9.16 10.26 52.38 -50.37
3.58 0.32 0.36 0.38 0.24 -0.04 0.03 9.08 10.40 52.54 -50.23
3.60 0.32 0.36 0.38 0.25 -0.04 0.03 9.00 10.54 52.70 -50.09
3.62 0.32 0.36 0.38 0.25 -0.04 0.03 8.91 10.68 52.85 -49.95
3.64 0.32 0.36 0.38 0.25 -0.04 0.03 8.82 10.83 53.01 -49.80
3.66 0.32 0.36 0.38 0.25 -0.04 0.03 8.73 10.99 53.16 -49.66
3.68 0.32 0.36 0.38 0.25 -0.04 0.03 8.64 11.14 53.32 -49.51
3.70 0.32 0.36 0.38 0.25 -0.04 0.03 8.55 11.30 53.47 -49.36
3.72 0.32 0.36 0.38 0.26 -0.04 0.03 8.46 11.47 53.62 -49.21
3.74 0.32 0.36 0.38 0.26 -0.04 0.03 8.37 11.64 53.77 -49.06
3.76 0.32 0.36 0.38 0.26 -0.04 0.03 8.28 11.81 53.91 -48.91
3.78 0.32 0.36 0.38 0.26 -0.04 0.03 8.18 11.98 54.06 -48.75
3.80 0.32 0.36 0.38 0.26 -0.04 0.03 8.08 12.16 54.21 -48.59
3.82 0.32 0.36 0.37 0.26 -0.03 0.03 7.98 12.34 54.35 -48.44
3.84 0.32 0.36 0.37 0.26 -0.03 0.03 7.89 12.53 54.49 -48.28
3.86 0.32 0.36 0.37 0.27 -0.03 0.04 7.78 12.72 54.63 -48.11
3.88 0.32 0.36 0.37 0.27 -0.03 0.04 7.68 12.91 54.77 -47.95
3.90 0.32 0.36 0.37 0.27 -0.03 0.04 7.58 13.11 54.91 -47.78
3.92 0.32 0.36 0.37 0.27 -0.03 0.04 7.47 13.31 55.05 -47.61
3.94 0.32 0.36 0.37 0.27 -0.03 0.04 7.37 13.52 55.19 -47.44
3.96 0.32 0.36 0.37 0.27 -0.03 0.04 7.26 13.73 55.32 -47.27
3.98 0.32 0.36 0.37 0.27 -0.03 0.04 7.15 13.94 55.46 -47.10
4.00 0.32 0.36 0.37 0.28 -0.03 0.04 7.04 14.16 55.59 -46.92
4.02 0.32 0.36 0.37 0.28 -0.03 0.04 6.93 14.38 55.72 -46.74
4.04 0.32 0.36 0.37 0.28 -0.03 0.04 6.81 14.60 55.85 -46.56
4.06 0.32 0.36 0.37 0.28 -0.03 0.04 6.70 14.83 55.98 -46.37
4.08 0.32 0.36 0.37 0.28 -0.03 0.04 6.58 15.06 56.10 -46.19
4.10 0.32 0.36 0.36 0.28 -0.03 0.04 6.46 15.30 56.23 -46.00
4.12 0.32 0.36 0.36 0.28 -0.03 0.04 6.34 15.54 56.35 -45.80
4.14 0.32 0.36 0.36 0.29 -0.03 0.04 6.22 15.79 56.48 -45.61
4.16 0.32 0.36 0.36 0.29 -0.03 0.04 6.10 16.04 56.60 -45.41
4.18 0.32 0.36 0.36 0.29 -0.03 0.04 5.97 16.29 56.72 -45.21
4.20 0.32 0.36 0.36 0.29 -0.03 0.04 5.84 16.55 56.83 -45.01
4.22 0.32 0.36 0.36 0.29 -0.03 0.04 5.71 16.81 56.95 -44.80
4.24 0.32 0.36 0.36 0.29 -0.03 0.04 5.58 17.08 57.06 -44.59
4.26 0.32 0.36 0.36 0.29 -0.03 0.04 5.45 17.36 57.18 -44.38
4.28 0.32 0.36 0.36 0.30 -0.03 0.04 5.31 17.64 57.29 -44.16
4.30 0.32 0.36 0.36 0.30 -0.03 0.04 5.18 17.92 57.40 -43.94
4.32 0.32 0.36 0.36 0.30 -0.03 0.04 5.04 18.21 57.50 -43.72
4.34 0.32 0.36 0.36 0.30 -0.03 0.04 4.89 18.50 57.61 -43.50
4.36 0.32 0.36 0.35 0.30 -0.03 0.04 4.75 18.81 57.71 -43.27
4.38 0.32 0.36 0.35 0.30 -0.03 0.04 4.60 19.12 57.81 -43.03
4.40 0.32 0.36 0.35 0.30 -0.03 0.04 4.45 19.43 57.92 -42.80
4.42 0.32 0.36 0.35 0.31 -0.03 0.04 4.30 19.75 58.01 -42.56
4.44 0.32 0.36 0.35 0.31 -0.03 0.04 4.14 20.08 58.11 -42.31
4.46 0.32 0.36 0.35 0.31 -0.03 0.05 3.99 20.41 58.20 -42.07
4.48 0.32 0.36 0.35 0.31 -0.03 0.05 3.82 20.75 58.30 -41.81
4.50 0.32 0.36 0.35 0.31 -0.03 0.05 3.66 21.10 58.39 -41.56
4.52 0.32 0.36 0.35 0.31 -0.03 0.05 3.49 21.45 58.48 -41.30
4.54 0.32 0.36 0.35 0.31 -0.03 0.05 3.32 21.81 58.56 -41.04
4.56 0.32 0.36 0.35 0.32 -0.03 0.05 3.15 22.19 58.65 -40.77
4.58 0.32 0.36 0.35 0.32 -0.03 0.05 2.97 22.56 58.73 -40.50
4.60 0.32 0.36 0.35 0.32 -0.03 0.05 2.79 22.96 58.81 -40.22
4.62 0.32 0.36 0.34 0.32 -0.03 0.05 2.60 23.35 58.89 -39.94
4.64 0.32 0.36 0.34 0.32 -0.03 0.05 2.41 23.76 58.97 -39.65
4.66 0.32 0.36 0.34 0.32 -0.03 0.05 2.22 24.18 59.04 -39.36
4.68 0.32 0.36 0.34 0.32 -0.02 0.05 2.02 24.61 59.11 -39.07
4.70 0.32 0.36 0.34 0.33 -0.02 0.05 1.82 25.05 59.18 -38.77
4.72 0.32 0.36 0.34 0.33 -0.02 0.05 1.61 25.50 59.25 -38.46
4.74 0.32 0.36 0.34 0.33 -0.02 0.05 1.40 25.96 59.31 -38.15
4.76 0.32 0.36 0.34 0.33 -0.02 0.05 1.18 26.44 59.37 -37.84
4.78 0.32 0.36 0.34 0.33 -0.02 0.05 0.96 26.93 59.43 -37.52
4.80 0.32 0.36 0.34 0.33 -0.02 0.05 0.73 27.43 59.49 -37.19
4.82 0.32 0.36 0.34 0.33 -0.02 0.05 0.50 27.95 59.54 -36.86
4.84 0.32 0.36 0.34 0.34 -0.02 0.05 0.25 28.48 59.59 -36.52
4.86 0.32 0.36 0.34 0.34 -0.02 0.05 0.00 29.03 59.64 -36.18
4.88 0.32 0.36 0.34 0.34 -0.02 0.05 -0.25 29.60 59.69 -35.83
4.90 0.32 0.36 0.33 0.34 -0.02 0.05 -0.51 30.19 59.73 -35.48
4.92 0.32 0.36 0.33 0.34 -0.02 0.05 -0.79 30.80 59.77 -35.11
4.94 0.32 0.36 0.33 0.34 -0.02 0.05 -1.07 31.43 59.81 -34.75
4.96 0.32 0.36 0.33 0.34 -0.02 0.05 -1.36 32.07 59.84 -34.37
4.98 0.32 0.36 0.33 0.35 -0.02 0.06 -1.66 32.75 59.87 -33.99
5.00 0.32 0.36 0.33 0.35 -0.02 0.06 -1.97 33.45 59.90 -33.60
5.02 0.32 0.36 0.33 0.35 -0.02 0.06 -2.29 34.18 59.92 -33.20
5.04 0.32 0.36 0.33 0.35 0.06 -0.12 -1.72 -72.11 59.94 -32.89
5.06 0.32 0.36 0.33 0.35 0.05 -0.09 -1.66 -56.02 59.96 -32.64
5.08 0.32 0.36 0.33 0.35 0.04 -0.07 -1.56 -43.18 59.98 -32.43
5.10 0.32 0.36 0.33 0.35 0.03 -0.05 -1.44 -33.00 59.99 -32.27
5.12 0.32 0.36 0.33 0.35 0.02 -0.04 -1.31 -25.00 60.00 -32.14
5.14 0.32 0.36 0.33 0.35 0.02 -0.03 -1.19 -18.74 60.01 -32.03
5.16 0.32 0.36 0.33 0.35 0.01 -0.02 -1.07 -13.89 60.02 -31.93
5.18 0.32 0.36 0.33 0.35 0.01 -0.02 -0.96 -10.13 60.03 -31.85
5.20 0.32 0.36 0.33 0.35 0.01 -0.01 -0.86 -7.24 60.04 -31.78
5.22 0.32 0.36 0.33 0.35 0.01 -0.01 -0.77 -5.03 60.04 -31.72
5.24 0.32 0.36 0.33 0.35 0.00 -0.01 -0.69 -3.34 60.05 -31.67
5.26 0.32 0.36 0.33 0.35 0.00 -0.00 -0.62 -2.06 60.05 -31.62
5.28 0.32 0.36 0.33 0.36 0.00 -0.00 -0.55 -1.11 60.05 -31.57
5.30 0.32 0.36 0.33 0.36 0.00 -0.00 -0.50 -0.39 60.06 -31.53
5.32 0.32 0.36 0.33 0.36 0.00 0.00 -0.45 0.14 60.06 -31.48
5.34 0.32 0.36 0.33 0.36 0.00 0.00 -0.40 0.52 60.06 -31.44
5.36 0.32 0.36 0.33 0.36 0.00 0.00 -0.36 0.80 60.06 -31.41
5.38 0.32 0.36 0.33 0.36 0.00 0.00 -0.33 0.99 60.06 -31.37
5.40 0.32 0.36 0.33 0.36 -0.00 0.00 -0.30 1.12 60.06 -31.33
5.42 0.32 0.36 0.33 0.36 -0.00 0.00 -0.27 1.20 60.06 -31.30
5.44 0.32 0.36 0.33 0.36 -0.00 0.00 -0.24 1.24 60.06 -31.26
5.46 0.32 0.36 0.32 0.36 -0.00 0.00 -0.22 1.26 60.06 -31.23
5.48 0.32 0.36 0.32 0.36 -0.00 0.00 -0.20 1.27 60.06 -31.20
5.50 0.32 0.36 0.32 0.36 -0.00 0.00 -0.19 1.26 60.06 -31.17
5.52 0.32 0.36 0.32 0.36 -0.00 0.00 -0.17 1.24 60.06 -31.13
5.54 0.32 0.36 0.32 0.36 -0.00 0.00 -0.16 1.21 60.06 -31.10
5.56 0.32 0.36 0.32 0.36 -0.00 0.00 -0.15 1.17 60.06 -31.07
5.58 0.32 0.36 0.32 0.36 -0.00 0.00 -0.14 1.14 60.06 -31.04
5.60 0.32 0.36 0.32 0.36 -0.00 0.00 -0.13 1.10 60.06 -31.02
5.62 0.32 0.36 0.32 0.36 -0.00 0.00 -0.12 1.07 60.06 -30.99
5.64 0.32 0.36 0.32 0.36 -0.00 0.00 -0.11 1.03 60.06 -30.96
5.66 0.32 0.36 0.32 0.36 -0.00 0.00 -0.10 0.99 60.06 -30.93
5.68 0.32 0.36 0.32 0.36 -0.00 0.00 -0.10 0.96 60.06 -30.91
5.70 0.32 0.36 0.32 0.36 -0.00 0.00 -0.09 0.93 60.06 -30.88
5.72 0.32 0.36 0.32 0.36 -0.00 0.00 -0.09 0.89 60.06 -30.86
5.74 0.32 0.36 0.32 0.36 -0.00 0.00 -0.08 0.86 60.05 -30.83
5.76 0.32 0.36 0.32 0.36 -0.00 0.00 -0.08 0.83 60.05 -30.81
5.78 0.32 0.36 0.32 0.36 -0.00 0.00 -0.08 0.81 60.05 -30.79
5.80 0.32 0.36 0.32 0.36 -0.00 0.00 -0.07 0.78 60.05 -30.77
5.82 0.32 0.36 0.32 0.36 -0.00 0.00 -0.07 0.75 60.05 -30.74
5.84 0.32 0.36 0.32 0.36 -0.00 0.00 -0.07 0.72 60.05 -30.72
5.86 0.32 0.36 0.32 0.36 -0.00 0.00 -0.06 0.70 60.05 -30.70
5.88 0.32 0.36 0.32 0.36 -0.00 0.00 -0.06 0.68 60.05 -30.68
5.90 0.32 0.36 0.32 0.36 -0.00 0.00 -0.06 0.65 60.05 -30.66
5.92 0.32 0.36 0.32 0.36 -0.00 0.00 -0.06 0.63 60.05 -30.64
5.94 0.32 0.36 0.32 0.36 -0.00 0.00 -0.05 0.61 60.04 -30.62
5.96 0.32 0.36 0.32 0.36 -0.00 0.00 -0.05 0.59 60.04 -30.61
5.98 0.32 0.36 0.32 0.36 -0.00 0.00 -0.05 0.57 60.04 -30.59
6.00 0.32 0.36 0.32 0.36 -0.00 0.00 -0.05 0.56 60.04 -30.57
6.02 0.32 0.36 0.32 0.36 -0.00 0.00 -0.05 0.54 60.04 -30.56
6.04 0.32 0.36 0.32 0.36 -0.00 0.00 -0.05 0.52 60.04 -30.54
6.06 0.32 0.36 0.32 0.36 -0.00 0.00 -0.04 0.51 60.04 -30.52
6.08 0.32 0.36 0.32 0.36 -0.00 0.00 -0.04 0.49 60.04 -30.51
6.10 0.32 0.36 0.32 0.36 -0.00 0.00 -0.04 0.48 60.04 -30.49
6.12 0.32 0.36 0.32 0.36 -0.00 0.00 -0.04 0.46 60.04 -30.48
6.14 0.32 0.36 0.32 0.36 -0.00 0.00 -0.04 0.45 60.04 -30.47
6.16 0.32 0.36 0.32 0.36 -0.00 0.00 -0.04 0.43 60.03 -30.45
6.18 0.32 0.36 0.32 0.36 -0.00 0.00 -0.04 0.42 60.03 -30.44
6.20 0.32 0.36 0.32 0.36 -0.00 0.00 -0.04 0.41 60.03 -30.43
6.22 0.32 0.36 0.32 0.36 -0.00 0.00 -0.03 0.39 60.03 -30.41
6.24 0.32 0.36 0.32 0.36 -0.00 0.00 -0.03 0.38 60.03 -30.40
6.26 0.32 0.36 0.32 0.36 -0.00 0.00 -0.03 0.37 60.03 -30.39
6.28 0.32 0.36 0.32 0.36 -0.00 0.00 -0.03 0.36 60.03 -30.38
6.30 0.32 0.36 0.32 0.36 -0.00 0.00 -0.03 0.35 60.03 -30.37
6.32 0.32 0.36 0.32 0.36 -0.00 0.00 -0.03 0.34 60.03 -30.36
6.34 0.32 0.36 0.32 0.36 -0.00 0.00 -0.03 0.33 60.03 -30.35
6.36 0.32 0.36 0.32 0.36 -0.00 0.00 -0.03 0.32 60.03 -30.34
6.38 0.32 0.36 0.32 0.36 -0.00 0.00 -0.03 0.31 60.03 -30.33
6.40 0.32 0.36 0.32 0.36 -0.00 0.00 -0.03 0.30 60.03 -30.32
6.42 0.32 0.36 0.32 0.36 -0.00 0.00 -0.02 0.29 60.03 -30.31
6.44 0.32 0.36 0.32 0.36 -0.00 0.00 -0.03 0.28 60.02 -30.30
6.46 0.32 0.36 0.32 0.36 -0.00 0.00 -0.02 0.27 60.02 -30.29
6.48 0.32 0.36 0.32 0.36 -0.00 0.00 -0.02 0.27 60.02 -30.28
6.50 0.32 0.36 0.32 0.36 -0.00 0.00 -0.02 0.26 60.02 -30.27
6.52 0.32 0.36 0.32 0.36 -0.00 0.00 -0.02 0.25 60.02 -30.27
6.54 0.32 0.36 0.32 0.36 -0.00 0.00 -0.02 0.24 60.02 -30.26
6.56 0.32 0.36 0.32 0.36 -0.00 0.00 -0.02 0.23 60.02 -30.25
6.58 0.32 0.36 0.32 0.36 -0.00 0.00 -0.02 0.23 60.02 -30.24
6.60 0.32 0.36 0.32 0.36 -0.00 0.00 -0.02 0.22 60.02 -30.24
6.62 0.32 0.36 0.32 0.36 -0.00 0.00 -0.02 0.21 60.02 -30.23
6.64 0.32 0.36 0.32 0.36 -0.00 0.00 -0.02 0.21 60.02 -30.22
6.66 0.32 0.36 0.32 0.36 -0.00 0.00 -0.02 0.20 60.02 -30.22
6.68 0.32 0.36 0.32 0.36 -0.00 0.00 -0.02 0.19 60.02 -30.21
6.70 0.32 0.36 0.32 0.36 -0.00 0.00 -0.02 0.19 60.02 -30.20
6.72 0.32 0.36 0.32 0.36 -0.00 0.00 -0.02 0.19 60.02 -30.20
6.74 0.32 0.36 0.32 0.36 -0.00 0.00 -0.02 0.18 60.02 -30.19
6.76 0.32 0.36 0.32 0.36 -0.00 0.00 -0.02 0.17 60.02 -30.19
6.78 0.32 0.36 0.32 0.36 -0.00 0.00 -0.02 0.17 60.02 -30.18
6.80 0.32 0.36 0.32 0.36 -0.00 0.00 -0.01 0.16 60.02 -30.18
6.82 0.32 0.36 0.32 0.36 -0.00 0.00 -0.01 0.16 60.02 -30.17
6.84 0.32 0.36 0.32 0.36 -0.00 0.00 -0.01 0.15 60.01 -30.17
6.86 0.32 0.36 0.32 0.36 -0.00 0.00 -0.01 0.15 60.01 -30.16
6.88 0.32 0.36 0.32 0.36 -0.00 0.00 -0.01 0.15 60.01 -30.16
6.90 0.32 0.36 0.32 0.36 -0.00 0.00 -0.01 0.14 60.01 -30.15
6.92 0.32 0.36 0.32 0.36 -0.00 0.00 -0.01 0.14 60.01 -30.15
6.94 0.32 0.36 0.32 0.36 -0.00 0.00 -0.01 0.13 60.01 -30.14
6.96 0.32 0.36 0.32 0.36 -0.00 0.00 -0.01 0.13 60.01 -30.14
6.98 0.32 0.36 0.32 0.36 -0.00 0.00 -0.01 0.13 60.01 -30.13
7.00 0.32 0.36 0.32 0.36 -0.00 0.00 -0.01 0.12 60.01 -30.13
7.02 0.32 0.36 0.32 0.36 -0.00 0.00 -0.01 0.12 60.01 -30.13
7.04 0.32 0.36 0.32 0.36 -0.00 0.00 -0.01 0.11 60.01 -30.12
7.06 0.32 0.36 0.32 0.36 -0.00 0.00 -0.01 0.11 60.01 -30.12
7.08 0.32 0.36 0.32 0.36 -0.00 0.00 -0.01 0.11 60.01 -30.12
7.10 0.32 0.36 0.32 0.36 -0.00 0.00 -0.01 0.11 60.01 -30.11
7.12 0.32 0.36 0.32 0.36 -0.00 0.00 -0.01 0.10 60.01 -30.11
7.14 0.32 0.36 0.32 0.36 -0.00 0.00 -0.01 0.10 60.01 -30.11
7.16 0.32 0.36 0.32 0.36 -0.00 0.00 -0.01 0.10 60.01 -30.10
7.18 0.32 0.36 0.32 0.36 -0.00 0.00 -0.01 0.09 60.01 -30.10
7.20 0.32 0.36 0.32 0.36 -0.00 0.00 -0.01 0.09 60.01 -30.10
7.22 0.32 0.36 0.32 0.36 -0.00 0.00 -0.01 0.09 60.01 -30.09
7.24 0.32 0.36 0.32 0.36 -0.00 0.00 -0.01 0.09 60.01 -30.09
7.26 0.32 0.36 0.32 0.36 -0.00 0.00 -0.01 0.08 60.01 -30.09
7.28 0.32 0.36 0.32 0.36 -0.00 0.00 -0.01 0.08 60.01 -30.09
7.30 0.32 0.36 0.32 0.36 -0.00 0.00 -0.01 0.08 60.01 -30.08
7.32 0.32 0.36 0.32 0.36 -0.00 0.00 -0.01 0.08 60.01 -30.08
7.34 0.32 0.36 0.32 0.36 -0.00 0.00 -0.01 0.07 60.01 -30.08
7.36 0.32 0.36 0.32 0.36 -0.00 0.00 -0.01 0.07 60.01 -30.08
7.38 0.32 0.36 0.32 0.36 -0.00 0.00 -0.01 0.07 60.01 -30.07
7.40 0.32 0.36 0.32 0.36 -0.00 0.00 -0.01 0.07 60.01 -30.07
7.42 0.32 0.36 0.32 0.36 -0.00 0.00 -0.01 0.06 60.01 -30.07
7.44 0.32 0.36 0.32 0.36 -0.00 0.00 -0.01 0.06 60.01 -30.07
7.46 0.32 0.36 0.32 0.36 -0.00 0.00 -0.01 0.06 60.01 -30.07
7.48 0.32 0.36 0.32 0.36 -0.00 0.00 -0.01 0.06 60.01 -30.06
7.50 0.32 0.36 0.32 0.36 -0.00 0.00 -0.00 0.06 60.01 -30.06
7.52 0.32 0.36 0.32 0.36 -0.00 0.00 -0.01 0.06 60.01 -30.06
7.54 0.32 0.36 0.32 0.36 -0.00 0.00 -0.01 0.05 60.01 -30.06
7.56 0.32 0.36 0.32 0.36 -0.00 0.00 -0.01 0.05 60.01 -30.06
7.58 0.32 0.36 0.32 0.36 -0.00 0.00 -0.01 0.05 60.01 -30.06
7.60 0.32 0.36 0.32 0.36 -0.00 0.00 -0.00 0.05 60.01 -30.05
7.62 0.32 0.36 0.32 0.36 -0.00 0.00 -0.01 0.05 60.01 -30.05
7.64 0.32 0.36 0.32 0.36 -0.00 0.00 -0.00 0.05 60.01 -30.05
7.66 0.32 0.36 0.32 0.36 -0.00 0.00 -0.00 0.05 60.00 -30.05
7.68 0.32 0.36 0.32 0.36 -0.00 0.00 -0.00 0.05 60.00 -30.05
7.70 0.32 0.36 0.32 0.36 -0.00 0.00 -0.00 0.04 60.00 -30.05
7.72 0.32 0.36 0.32 0.36 -0.00 0.00 -0.01 0.04 60.00 -30.04
7.74 0.32 0.36 0.32 0.36 -0.00 0.00 -0.00 0.04 60.00 -30.04
7.76 0.32 0.36 0.32 0.36 -0.00 0.00 -0.00 0.04 60.00 -30.04
7.78 0.32 0.36 0.32 0.36 -0.00 0.00 -0.00 0.04 60.00 -30.04
7.80 0.32 0.36 0.32 0.36 -0.00 0.00 -0.00 0.04 60.00 -30.04
7.82 0.32 0.36 0.32 0.36 -0.00 0.00 -0.00 0.03 60.00 -30.04
7.84 0.32 0.36 0.32 0.36 -0.00 0.00 -0.00 0.04 60.00 -30.04
7.86 0.32 0.36 0.32 0.36 -0.00 0.00 -0.00 0.03 60.00 -30.04
7.88 0.32 0.36 0.32 0.36 -0.00 0.00 -0.00 0.03 60.00 -30.04
7.90 0.32 0.36 0.32 0.36 -0.00 0.00 -0.00 0.03 60.00 -30.03
7.92 0.32 0.36 0.32 0.36 -0.00 0.00 -0.00 0.03 60.00 -30.03
7.94 0.32 0.36 0.32 0.36 -0.00 0.00 -0.00 0.03 60.00 -30.03
7.96 0.32 0.36 0.32 0.36 -0.00 0.00 -0.00 0.03 60.00 -30.03
7.98 0.32 0.36 0.32 0.36 -0.00 0.00 -0.00 0.03 60.00 -30.03
8.00 0.32 0.36 0.32 0.36 -0.00 0.00 -0.00 0.03 60.00 -30.03
8.02 0.32 0.36 0.32 0.36 -0.00 0.00 -0.00 0.02 60.00 -30.03
8.04 0.32 0.36 0.32 0.36 -0.00 0.00 -0.00 0.03 60.00 -30.03
8.06 0.32 0.36 0.32 0.36 -0.00 0.00 -0.00 0.02 60.00 -30.03
8.08 0.32 0.36 0.32 0.36 -0.00 0.00 -0.00 0.02 60.00 -30.03
8.10 0.32 0.36 0.32 0.36 -0.00 0.00 -0.00 0.02 60.00 -30.03
8.12 0.32 0.36 0.32 0.36 -0.00 0.00 -0.00 0.02 60.00 -30.02
8.14 0.32 0.36 0.32 0.36 -0.00 0.00 -0.00 0.02 60.00 -30.02
8.16 0.32 0.36 0.32 0.36 -0.00 0.00 -0.00 0.02 60.00 -30.02
8.18 0.32 0.36 0.32 0.36 -0.00 0.00 -0.00 0.02 60.00 -30.02
8.20 0.32 0.36 0.32 0.36 -0.00 0.00 -0.00 0.02 60.00 -30.02
8.22 0.32 0.36 0.32 0.36 -0.00 0.00 -0.00 0.02 60.00 -30.02
8.24 0.32 0.36 0.32 0.36 -0.00 0.00 -0.00 0.02 60.00 -30.02
8.26 0.32 0.36 0.32 0.36 -0.00 0.00 -0.00 0.02 60.00 -30.02
8.28 0.32 0.36 0.32 0.36 -0.00 0.00 -0.00 0.02 60.00 -30.02
8.30 0.32 0.36 0.32 0.36 -0.00 0.00 -0.00 0.02 60.00 -30.02
8.32 0.32 0.36 0.32 0.36 -0.00 0.00 -0.00 0.02 60.00 -30.02
8.34 0.32 0.36 0.32 0.36 -0.00 0.00 -0.00 0.02 60.00 -30.02
8.36 0.32 0.36 0.32 0.36 -0.00 0.00 -0.00 0.01 60.00 -30.02
8.38 0.32 0.36 0.32 0.36 -0.00 0.00 -0.00 0.02 60.00 -30.02
8.40 0.32 0.36 0.32 0.36 -0.00 0.00 -0.00 0.01 60.00 -30.02
8.42 0.32 0.36 0.32 0.36 -0.00 0.00 -0.00 0.01 60.00 -30.02
8.44 0.32 0.36 0.32 0.36 -0.00 0.00 -0.00 0.02 60.00 -30.02
8.46 0.32 0.36 0.32 0.36 -0.00 0.00 -0.00 0.01 60.00 -30.02
8.48 0.32 0.36 0.32 0.36 -0.00 0.00 -0.00 0.01 60.00 -30.01
8.50 0.32 0.36 0.32 0.36 -0.00 0.00 -0.00 0.02 60.00 -30.01
8.52 0.32 0.36 0.32 0.36 -0.00 0.00 -0.00 0.01 60.00 -30.01
8.54 0.32 0.36 0.32 0.36 -0.00 0.00 -0.00 0.01 60.00 -30.01
8.56 0.32 0.36 0.32 0.36 -0.00 0.00 -0.00 0.01 60.00 -30.01
8.58 0.32 0.36 0.32 0.36 -0.00 0.00 -0.00 0.01 60.00 -30.01
8.60 0.32 0.36 0.32 0.36 -0.00 0.00 -0.00 0.01 60.00 -30.01
8.62 0.32 0.36 0.32 0.36 -0.00 0.00 -0.00 0.01 60.00 -30.01
8.64 0.32 0.36 0.32 0.36 -0.00 0.00 -0.00 0.01 60.00 -30.01
8.66 0.32 0.36 0.32 0.36 -0.00 0.00 -0.00 0.01 60.00 -30.01
8.68 0.32 0.36 0.32 0.36 -0.00 0.00 -0.00 0.01 60.00 -30.01
8.70 0.32 0.36 0.32 0.36 -0.00 0.00 -0.00 0.01 60.00 -30.01
8.72 0.32 0.36 0.32 0.36 -0.00 0.00 -0.00 0.01 60.00 -30.01
8.74 0.32 0.36 0.32 0.36 -0.00 0.00 -0.00 0.01 60.00 -30.01
8.76 0.32 0.36 0.32 0.36 -0.00 0.00 -0.00 0.01 60.00 -30.01
8.78 0.32 0.36 0.32 0.36 -0.00 0.00 -0.00 0.01 60.00 -30.01
8.80 0.32 0.36 0.32 0.36 -0.00 0.00 -0.00 0.01 60.00 -30.01
8.82 0.32 0.36 0.32 0.36 -0.00 0.00 -0.00 0.01 60.00 -30.01
8.84 0.32 0.36 0.32 0.36 -0.00 0.00 -0.00 0.01 60.00 -30.01
8.86 0.32 0.36 0.32 0.36 -0.00 0.00 -0.00 0.01 60.00 -30.01
8.88 0.32 0.36 0.32 0.36 -0.00 0.00 -0.00 0.01 60.00 -30.01
8.90 0.32 0.36 0.32 0.36 -0.00 0.00 -0.00 0.01 60.00 -30.01
8.92 0.32 0.36 0.32 0.36 -0.00 0.00 -0.00 0.01 60.00 -30.01
8.94 0.32 0.36 0.32 0.36 -0.00 0.00 -0.00 0.01 60.00 -30.01
8.96 0.32 0.36 0.32 0.36 -0.00 0.00 -0.00 0.01 60.00 -30.01
8.98 0.32 0.36 0.32 0.36 0.00 0.00 -0.00 0.00 60.00 -30.01
9.00 0.32 0.36 0.32 0.36 -0.00 0.00 -0.00 0.00 60.00 -30.01
9.02 0.32 0.36 0.32 0.36 -0.00 0.00 -0.00 0.01 60.00 -30.01
9.04 0.32 0.36 0.32 0.36 -0.00 0.00 -0.00 0.01 60.00 -30.01
9.06 0.32 0.36 0.32 0.36 -0.00 0.00 -0.00 0.01 60.00 -30.01
9.08 0.32 0.36 0.32 0.36 -0.00 0.00 -0.00 0.01 60.00 -30.01
9.10 0.32 0.36 0.32 0.36 -0.00 0.00 -0.00 0.01 60.00 -30.01
9.12 0.32 0.36 0.32 0.36 -0.00 0.00 -0.00 0.01 60.00 -30.01
9.14 0.32 0.36 0.32 0.36 -0.00 0.00 -0.00 0.01 60.00 -30.01
9.16 0.32 0.36 0.32 0.36 -0.00 0.00 0.00 0.01 60.00 -30.01
9.18 0.32 0.36 0.32 0.36 -0.00 0.00 -0.00 0.01 60.00 -30.01
9.20 0.32 0.36 0.32 0.36 -0.00 0.00 -0.00 0.01 60.00 -30.01
9.22 0.32 0.36 0.32 0.36 0.00 0.00 -0.00 0.00 60.00 -30.01
9.24 0.32 0.36 0.32 0.36 0.00 0.00 -0.00 0.00 60.00 -30.00
9.26 0.32 0.36 0.32 0.36 -0.00 0.00 -0.00 0.01 60.00 -30.00
9.28 0.32 0.36 0.32 0.36 -0.00 0.00 -0.00 0.00 60.00 -30.00
9.30 0.32 0.36 0.32 0.36 -0.00 0.00 -0.00 0.00 60.00 -30.00
9.32 0.32 0.36 0.32 0.36 0.00 0.00 -0.00 0.00 60.00 -30.00
9.34 0.32 0.36 0.32 0.36 -0.00 0.00 -0.00 0.00 60.00 -30.00
9.36 0.32 0.36 0.32 0.36 -0.00 0.00 -0.00 0.01 60.00 -30.00
9.38 0.32 0.36 0.32 0.36 0.00 0.00 -0.00 0.00 60.00 -30.00
9.40 0.32 0.36 0.32 0.36 -0.00 0.00 0.00 0.00 60.00 -30.00
9.42 0.32 0.36 0.32 0.36 -0.00 0.00 -0.00 0.00 60.00 -30.00
9.44 0.32 0.36 0.32 0.36 -0.00 0.00 -0.00 0.00 60.00 -30.00
9.46 0.32 0.36 0.32 0.36 -0.00 0.00 0.00 0.00 60.00 -30.00
9.48 0.32 0.36 0.32 0.36 -0.00 0.00 -0.00 0.01 60.00 -30.00
9.50 0.32 0.36 0.32 0.36 -0.00 0.00 0.00 0.00 60.00 -30.00
9.52 0.32 0.36 0.32 0.36 -0.00 0.00 0.00 0.00 60.00 -30.00
9.54 0.32 0.36 0.32 0.36 -0.00 0.00 -0.00 0.00 60.00 -30.00
9.56 0.32 0.36 0.32 0.36 0.00 0.00 -0.00 0.00 60.00 -30.00
9.58 0.32 0.36 0.32 0.36 -0.00 0.00 0.00 0.01 60.00 -30.00
9.60 0.32 0.36 0.32 0.36 0.00 -0.00 -0.00 -0.00 60.00 -30.00
9.62 0.32 0.36 0.32 0.36 -0.00 0.00 -0.00 0.00 60.00 -30.00
9.64 0.32 0.36 0.32 0.36 0.00 0.00 -0.00 0.00 60.00 -30.00
9.66 0.32 0.36 0.32 0.36 0.00 0.00 -0.00 0.00 60.00 -30.00
9.68 0.32 0.36 0.32 0.36 0.00 0.00 -0.00 0.00 60.00 -30.00
9.70 0.32 0.36 0.32 0.36 0.00 0.00 -0.00 0.00 60.00 -30.00
9.72 0.32 0.36 0.32 0.36 -0.00 0.00 0.00 0.00 60.00 -30.00
9.74 0.32 0.36 0.32 0.36 -0.00 0.00 -0.00 0.00 60.00 -30.00
9.76 0.32 0.36 0.32 0.36 0.00 0.00 -0.00 0.00 60.00 -30.00
9.78 0.32 0.36 0.32 0.36 -0.00 0.00 -0.00 0.00 60.00 -30.00
9.80 0.32 0.36 0.32 0.36 -0.00 0.00 -0.00 0.00 60.00 -30.00
9.82 0.32 0.36 0.32 0.36 -0.00 0.00 -0.00 0.00 60.00 -30.00
9.84 0.32 0.36 0.32 0.36 -0.00 0.00 -0.00 0.00 60.00 -30.00
9.86 0.32 0.36 0.32 0.36 -0.00 0.00 -0.00 0.00 60.00 -30.00
9.88 0.32 0.36 0.32 0.36 -0.00 0.00 -0.00 0.00 60.00 -30.00
9.90 0.32 0.36 0.32 0.36 0.00 0.00 -0.00 0.00 60.00 -30.00
9.92 0.32 0.36 0.32 0.36 -0.00 0.00 0.00 0.00 60.00 -30.00
9.94 0.32 0.36 0.32 0.36 0.00 0.00 -0.00 0.00 60.00 -30.00
9.96 0.32 0.36 0.32 0.36 0.00 0.00 -0.00 0.00 60.00 -30.00
9.98 0.32 0.36 0.32 0.36 -0.00 0.00 -0.00 0.00 60.00 -30.00
10.00 0.32 0.36 0.32 0.36 -0.00 0.00 0.00 0.00 60.00 -30.00
10.02 0.32 0.36 0.32 0.36 0.00 0.00 -0.00 0.00 60.00 -30.00
10.04 0.32 0.36 0.32 0.36 -0.00 0.00 0.00 0.00 60.00 -30.00
10.06 0.32 0.36 0.32 0.36 -0.00 0.00 -0.00 0.00 60.00 -30.00
10.08 0.32 0.36 0.32 0.36 -0.00 0.00 0.00 0.00 60.00 -30.00
10.10 0.32 0.36 0.32 0.36 0.00 -0.00 -0.00 -0.00 60.00 -30.00
10.12 0.32 0.36 0.32 0.36 -0.00 0.00 0.00 0.00 60.00 -30.00
10.14 0.32 0.36 0.32 0.36 -0.00 0.00 0.00 0.00 60.00 -30.00
10.16 0.32 0.36 0.32 0.36 -0.00 0.00 0.00 0.00 60.00 -30.00
10.18 0.32 0.36 0.32 0.36 -0.00 0.00 0.00 0.00 60.00 -30.00
10.20 0.32 0.36 0.32 0.36 -0.00 0.00 0.00 0.00 60.00 -30.00
10.22 0.32 0.36 0.32 0.36 -0.00 0.00 -0.00 0.00 60.00 -30.00
10.24 0.32 0.36 0.32 0.36 -0.00 0.00 0.00 0.00 60.00 -30.00
10.26 0.32 0.36 0.32 0.36 0.00 -0.00 -0.00 -0.00 60.00 -30.00
10.28 0.32 0.36 0.32 0.36 -0.00 0.00 0.00 0.00 60.00 -30.00
10.30 0.32 0.36 0.32 0.36 0.00 -0.00 -0.00 -0.00 60.00 -30.00
10.32 0.32 0.36 0.32 0.36 0.00 0.00 -0.00 0.00 60.00 -30.00
10.34 0.32 0.36 0.32 0.36 -0.00 0.00 0.00 0.00 60.00 -30.00
10.36 0.32 0.36 0.32 0.36 -0.00 0.00 0.00 0.00 60.00 -30.00
10.38 0.32 0.36 0.32 0.36 0.00 -0.00 -0.00 -0.00 60.00 -30.00
10.40 0.32 0.36 0.32 0.36 0.00 0.00 -0.00 0.00 60.00 -30.00
10.42 0.32 0.36 0.32 0.36 0.00 0.00 -0.00 0.00 60.00 -30.00
10.44 0.32 0.36 0.32 0.36 -0.00 0.00 0.00 0.00 60.00 -30.00
10.46 0.32 0.36 0.32 0.36 0.00 0.00 -0.00 0.00 60.00 -30.00
10.48 0.32 0.36 0.32 0.36 -0.00 0.00 0.00 0.00 60.00 -30.00
10.50 0.32 0.36 0.32 0.36 0.00 0.00 -0.00 0.00 60.00 -30.00
10.52 0.32 0.36 0.32 0.36 0.00 -0.00 -0.00 -0.00 60.00 -30.00
10.54 0.32 0.36 0.32 0.36 0.00 -0.00 -0.00 -0.00 60.00 -30.00
10.56 0.32 0.36 0.32 0.36 -0.00 0.00 0.00 0.00 60.00 -30.00
10.58 0.32 0.36 0.32 0.36 0.00 -0.00 -0.00 -0.00 60.00 -30.00
10.60 0.32 0.36 0.32 0.36 -0.00 0.00 0.00 0.00 60.00 -30.00
10.62 0.32 0.36 0.32 0.36 0.00 -0.00 -0.00 -0.00 60.00 -30.00
10.64 0.32 0.36 0.32 0.36 0.00 0.00 -0.00 0.00 60.00 -30.00
10.66 0.32 0.36 0.32 0.36 0.00 -0.00 -0.00 -0.00 60.00 -30.00
10.68 0.32 0.36 0.32 0.36 0.00 -0.00 -0.00 -0.00 60.00 -30.00
10.70 0.32 0.36 0.32 0.36 0.00 0.00 -0.00 0.00 60.00 -30.00
10.72 0.32 0.36 0.32 0.36 -0.00 0.00 -0.00 0.00 60.00 -30.00
10.74 0.32 0.36 0.32 0.36 -0.00 0.00 0.00 0.00 60.00 -30.00
10.76 0.32 0.36 0.32 0.36 0.00 -0.00 -0.00 -0.00 60.00 -30.00
10.78 0.32 0.36 0.32 0.36 0.00 0.00 -0.00 0.00 60.00 -30.00
10.80 0.32 0.36 0.32 0.36 0.00 0.00 -0.00 0.00 60.00 -30.00
10.82 0.32 0.36 0.32 0.36 -0.00 0.00 0.00 0.00 60.00 -30.00
10.84 0.32 0.36 0.32 0.36 0.00 -0.00 -0.00 -0.00 60.00 -30.00
10.86 0.32 0.36 0.32 0.36 0.00 -0.00 -0.00 -0.00 60.00 -30.00
10.88 0.32 0.36 0.32 0.36 -0.00 0.00 0.00 0.00 60.00 -30.00
10.90 0.32 0.36 0.32 0.36 0.00 0.00 -0.00 0.00 60.00 -30.00
10.92 0.32 0.36 0.32 0.36 0.00 0.00 -0.00 0.00 60.00 -30.00
10.94 0.32 0.36 0.32 0.36 -0.00 0.00 0.00 0.00 60.00 -30.00
10.96 0.32 0.36 0.32 0.36 0.00 -0.00 -0.00 -0.00 60.00 -30.00
10.98 0.32 0.36 0.32 0.36 -0.00 -0.00 0.00 -0.00 60.00 -30.00
11.00 0.32 0.36 0.32 0.36 0.00 0.00 -0.00 0.00 60.00 -30.00
11.02 0.32 0.36 0.32 0.36 -0.00 0.00 0.00 0.00 60.00 -30.00
11.04 0.32 0.36 0.32 0.36 0.00 -0.00 -0.00 -0.00 60.00 -30.00
11.06 0.32 0.36 0.32 0.36 -0.00 0.00 0.00 0.00 60.00 -30.00
11.08 0.32 0.36 0.32 0.36 -0.00 -0.00 0.00 -0.00 60.00 -30.00
11.10 0.32 0.36 0.32 0.36 0.00 -0.00 -0.00 -0.00 60.00 -30.00
11.12 0.32 0.36 0.32 0.36 0.00 -0.00 -0.00 -0.00 60.00 -30.00
11.14 0.32 0.36 0.32 0.36 -0.00 -0.00 0.00 -0.00 60.00 -30.00
11.16 0.32 0.36 0.32 0.36 0.00 -0.00 -0.00 -0.00 60.00 -30.00
11.18 0.32 0.36 0.32 0.36 -0.00 -0.00 0.00 -0.00 60.00 -30.00
11.20 0.32 0.36 0.32 0.36 -0.00 0.00 -0.00 0.00 60.00 -30.00
11.22 0.32 0.36 0.32 0.36 0.00 -0.00 -0.00 -0.00 60.00 -30.00
11.24 0.32 0.36 0.32 0.36 -0.00 -0.00 0.00 -0.00 60.00 -30.00
11.26 0.32 0.36 0.32 0.36 -0.00 0.00 -0.00 0.00 60.00 -30.00
11.28 0.32 0.36 0.32 0.36 0.00 -0.00 -0.00 -0.00 60.00 -30.00
11.30 0.32 0.36 0.32 0.36 -0.00 0.00 -0.00 0.00 60.00 -30.00
11.32 0.32 0.36 0.32 0.36 -0.00 -0.00 0.00 -0.00 60.00 -30.00
11.34 0.32 0.36 0.32 0.36 0.00 0.00 -0.00 0.00 60.00 -30.00
11.36 0.32 0.36 0.32 0.36 -0.00 0.00 0.00 0.00 60.00 -30.00
11.38 0.32 0.36 0.32 0.36 -0.00 0.00 0.00 0.00 60.00 -30.00
11.40 0.32 0.36 0.32 0.36 -0.00 -0.00 0.00 -0.00 60.00 -30.00
11.42 0.32 0.36 0.32 0.36 0.00 -0.00 -0.00 -0.00 60.00 -30.00
11.44 0.32 0.36 0.32 0.36 -0.00 0.00 -0.00 0.00 60.00 -30.00
11.46 0.32 0.36 0.32 0.36 -0.00 -0.00 0.00 -0.00 60.00 -30.00
11.48 0.32 0.36 0.32 0.36 0.00 -0.00 -0.00 -0.00 60.00 -30.00
11.50 0.32 0.36 0.32 0.36 -0.00 0.00 -0.00 0.00 60.00 -30.00
11.52 0.32 0.36 0.32 0.36 -0.00 0.00 -0.00 0.00 60.00 -30.00
11.54 0.32 0.36 0.32 0.36 0.00 -0.00 -0.00 -0.00 60.00 -30.00
11.56 0.32 0.36 0.32 0.36 -0.00 0.00 -0.00 0.00 60.00 -30.00
11.58 0.32 0.36 0.32 0.36 -0.00 -0.00 0.00 -0.00 60.00 -30.00
11.60 0.32 0.36 0.32 0.36 -0.00 0.00 -0.00 0.00 60.00 -30.00
11.62 0.32 0.36 0.32 0.36 -0.00 0.00 -0.00 0.00 60.00 -30.00
11.64 0.32 0.36 0.32 0.36 0.00 -0.00 -0.00 -0.00 60.00 -30.00
11.66 0.32 0.36 0.32 0.36 -0.00 0.00 -0.00 0.00 60.00 -30.00
11.68 0.32 0.36 0.32 0.36 -0.00 0.00 -0.00 0.00 60.00 -30.00
11.70 0.32 0.36 0.32 0.36 -0.00 -0.00 0.00 -0.00 60.00 -30.00
11.72 0.32 0.36 0.32 0.36 -0.00 0.00 -0.00 0.00 60.00 -30.00
11.74 0.32 0.36 0.32 0.36 0.00 -0.00 -0.00 -0.00 60.00 -30.00
11.76 0.32 0.36 0.32 0.36 0.00 0.00 -0.00 0.00 60.00 -30.00
11.78 0.32 0.36 0.32 0.36 0.00 0.00 -0.00 0.00 60.00 -30.00
11.80 0.32 0.36 0.32 0.36 0.00 0.00 -0.00 0.00 60.00 -30.00
11.82 0.32 0.36 0.32 0.36 0.00 -0.00 0.00 -0.00 60.00 -30.00
11.84 0.32 0.36 0.32 0.36 0.00 0.00 -0.00 0.00 60.00 -30.00
11.86 0.32 0.36 0.32 0.36 0.00 0.00 -0.00 0.00 60.00 -30.00
11.88 0.32 0.36 0.32 0.36 0.00 0.00 -0.00 0.00 60.00 -30.00
11.90 0.32 0.36 0.32 0.36 0.00 0.00 -0.00 0.00 60.00 -30.00
11.92 0.32 0.36 0.32 0.36 -0.00 0.00 0.00 0.00 60.00 -30.00
11.94 0.32 0.36 0.32 0.36 -0.00 -0.00 0.00 -0.00 60.00 -30.00
11.96 0.32 0.36 0.32 0.36 0.00 0.00 -0.00 0.00 60.00 -30.00
11.98 0.32 0.36 0.32 0.36 0.00 0.00 -0.00 0.00 60.00 -30.00
12.00 0.32 0.36 0.32 0.36 0.00 -0.00 0.00 -0.00 60.00 -30.00
12.02 0.32 0.36 0.32 0.36 0.00 0.00 -0.00 0.00 60.00 -30.00
12.04 0.32 0.36 0.32 0.36 0.00 0.00 -0.00 0.00 60.00 -30.00
12.06 0.32 0.36 0.32 0.36 0.00 -0.00 -0.00 -0.00 60.00 -30.00
12.08 0.32 0.36 0.32 0.36 0.00 0.00 -0.00 0.00 60.00 -30.00
12.10 0.32 0.36 0.32 0.36 0.00 0.00 -0.00 0.00 60.00 -30.00
12.12 0.32 0.36 0.32 0.36 0.00 0.00 -0.00 0.00 60.00 -30.00
12.14 0.32 0.36 0.32 0.36 0.00 0.00 -0.00 0.00 60.00 -30.00
12.16 0.32 0.36 0.32 0.36 0.00 0.00 -0.00 0.00 60.00 -30.00
12.18 0.32 0.36 0.32 0.36 0.00 0.00 -0.00 0.00 60.00 -30.00
12.20 0.32 0.36 0.32 0.36 0.00 -0.00 0.00 -0.00 60.00 -30.00
12.22 0.32 0.36 0.32 0.36 0.00 0.00 -0.00 0.00 60.00 -30.00
12.24 0.32 0.36 0.32 0.36 0.00 0.00 -0.00 0.00 60.00 -30.00
12.26 0.32 0.36 0.32 0.36 0.00 0.00 -0.00 0.00 60.00 -30.00
12.28 0.32 0.36 0.32 0.36 0.00 0.00 -0.00 0.00 60.00 -30.00
12.30 0.32 0.36 0.32 0.36 0.00 0.00 -0.00 0.00 60.00 -30.00
12.32 0.32 0.36 0.32 0.36 0.00 0.00 -0.00 0.00 60.00 -30.00
12.34 0.32 0.36 0.32 0.36 0.00 0.00 -0.00 0.00 60.00 -30.00
12.36 0.32 0.36 0.32 0.36 0.00 0.00 -0.00 0.00 60.00 -30.00
12.38 0.32 0.36 0.32 0.36 0.00 -0.00 0.00 -0.00 60.00 -30.00
12.40 0.32 0.36 0.32 0.36 0.00 0.00 -0.00 0.00 60.00 -30.00
12.42 0.32 0.36 0.32 0.36 0.00 0.00 -0.00 0.00 60.00 -30.00
12.44 0.32 0.36 0.32 0.36 0.00 0.00 -0.00 0.00 60.00 -30.00
12.46 0.32 0.36 0.32 0.36 0.00 0.00 -0.00 0.00 60.00 -30.00
12.48 0.32 0.36 0.32 0.36 0.00 0.00 -0.00 0.00 60.00 -30.00
12.50 0.32 0.36 0.32 0.36 0.00 0.00 -0.00 0.00 60.00 -30.00
12.52 0.32 0.36 0.32 0.36 0.00 0.00 -0.00 0.00 60.00 -30.00
12.54 0.32 0.36 0.32 0.36 0.00 0.00 -0.00 0.00 60.00 -30.00
12.56 0.32 0.36 0.32 0.36 0.00 0.00 -0.00 0.00 60.00 -30.00
12.58 0.32 0.36 0.32 0.36 0.00 0.00 -0.00 0.00 60.00 -30.00
12.60 0.32 0.36 0.32 0.36 0.00 0.00 -0.00 0.00 60.00 -30.00
12.62 0.32 0.36 0.32 0.36 0.00 -0.00 0.00 -0.00 60.00 -30.00
12.64 0.32 0.36 0.32 0.36 0.00 0.00 -0.00 0.00 60.00 -30.00
12.66 0.32 0.36 0.32 0.36 0.00 0.00 -0.00 0.00 60.00 -30.00
12.68 0.32 0.36 0.32 0.36 0.00 0.00 -0.00 0.00 60.00 -30.00
12.70 0.32 0.36 0.32 0.36 0.00 0.00 -0.00 0.00 60.00 -30.00
12.72 0.32 0.36 0.32 0.36 0.00 0.00 -0.00 0.00 60.00 -30.00
12.74 0.32 0.36 0.32 0.36 0.00 0.00 -0.00 0.00 60.00 -30.00
12.76 0.32 0.36 0.32 0.36 0.00 0.00 -0.00 0.00 60.00 -30.00
12.78 0.32 0.36 0.32 0.36 0.00 0.00 -0.00 0.00 60.00 -30.00
12.80 0.32 0.36 0.32 0.36 0.00 0.00 -0.00 0.00 60.00 -30.00
12.82 0.32 0.36 0.32 0.36 0.00 0.00 -0.00 0.00 60.00 -30.00
12.84 0.32 0.36 0.32 0.36 0.00 0.00 -0.00 0.00 60.00 -30.00
12.86 0.32 0.36 0.32 0.36 0.00 0.00 -0.00 0.00 60.00 -30.00
12.88 0.32 0.36 0.32 0.36 0.00 0.00 -0.00 0.00 60.00 -30.00
12.90 0.32 0.36 0.32 0.36 0.00 0.00 -0.00 0.00 60.00 -30.00
12.92 0.32 0.36 0.32 0.36 0.00 0.00 -0.00 0.00 60.00 -30.00
12.94 0.32 0.36 0.32 0.36 0.00 0.00 -0.00 0.00 60.00 -30.00
12.96 0.32 0.36 0.32 0.36 0.00 0.00 -0.00 0.00 60.00 -30.00
12.98 0.32 0.36 0.32 0.36 0.00 0.00 -0.00 0.00 60.00 -30.00
13.00 0.32 0.36 0.32 0.36 0.00 0.00 -0.00 0.00 60.00 -30.00
13.02 0.32 0.36 0.32 0.36 0.00 0.00 -0.00 0.00 60.00 -30.00
13.04 0.32 0.36 0.32 0.36 0.00 0.00 -0.00 0.00 60.00 -30.00
13.06 0.32 0.36 0.32 0.36 0.00 0.00 -0.00 0.00 60.00 -30.00
13.08 0.32 0.36 0.32 0.36 0.00 0.00 -0.00 0.00 60.00 -30.00
13.10 0.32 0.36 0.32 0.36 0.00 0.00 -0.00 0.00 60.00 -30.00
13.12 0.32 0.36 0.32 0.36 -0.00 0.00 0.00 0.00 60.00 -30.00
13.14 0.32 0.36 0.32 0.36 0.00 -0.00 -0.00 -0.00 60.00 -30.00
13.16 0.32 0.36 0.32 0.36 0.00 0.00 -0.00 0.00 60.00 -30.00
13.18 0.32 0.36 0.32 0.36 0.00 0.00 -0.00 0.00 60.00 -30.00
13.20 0.32 0.36 0.32 0.36 0.00 -0.00 0.00 -0.00 60.00 -30.00
13.22 0.32 0.36 0.32 0.36 0.00 0.00 -0.00 0.00 60.00 -30.00
13.24 0.32 0.36 0.32 0.36 0.00 0.00 -0.00 0.00 60.00 -30.00
13.26 0.32 0.36 0.32 0.36 0.00 0.00 -0.00 0.00 60.00 -30.00
13.28 0.32 0.36 0.32 0.36 0.00 0.00 -0.00 0.00 60.00 -30.00
13.30 0.32 0.36 0.32 0.36 0.00 0.00 -0.00 0.00 60.00 -30.00
13.32 0.32 0.36 0.32 0.36 0.00 0.00 -0.00 0.00 60.00 -30.00
13.34 0.32 0.36 0.32 0.36 0.00 0.00 -0.00 0.00 60.00 -30.00
13.36 0.32 0.36 0.32 0.36 0.00 0.00 -0.00 0.00 60.00 -30.00
13.38 0.32 0.36 0.32 0.36 0.00 0.00 -0.00 0.00 60.00 -30.00
13.40 0.32 0.36 0.32 0.36 0.00 0.00 -0.00 0.00 60.00 -30.00
13.42 0.32 0.36 0.32 0.36 0.00 0.00 -0.00 0.00 60.00 -30.00
13.44 0.32 0.36 0.32 0.36 0.00 0.00 -0.00 0.00 60.00 -30.00
13.46 0.32 0.36 0.32 0.36 0.00 0.00 -0.00 0.00 60.00 -30.00
13.48 0.32 0.36 0.32 0.36 0.00 0.00 -0.00 0.00 60.00 -30.00
13.50 0.32 0.36 0.32 0.36 0.00 0.00 -0.00 0.00 60.00 -30.00
13.52 0.32 0.36 0.32 0.36 0.00 0.00 -0.00 0.00 60.00 -30.00
13.54 0.32 0.36 0.32 0.36 0.00 0.00 -0.00 0.00 60.00 -30.00
13.56 0.32 0.36 0.32 0.36 0.00 0.00 -0.00 0.00 60.00 -30.00
13.58 0.32 0.36 0.32 0.36 0.00 0.00 -0.00 0.00 60.00 -30.00
13.60 0.32 0.36 0.32 0.36 0.00 0.00 -0.00 0.00 60.00 -30.00
13.62 0.32 0.36 0.32 0.36 0.00 0.00 -0.00 0.00 60.00 -30.00
13.64 0.32 0.36 0.32 0.36 0.00 0.00 -0.00 0.00 60.00 -30.00
13.66 0.32 0.36 0.32 0.36 0.00 0.00 -0.00 0.00 60.00 -30.00
13.68 0.32 0.36 0.32 0.36 0.00 0.00 -0.00 0.00 60.00 -30.00
13.70 0.32 0.36 0.32 0.36 0.00 0.00 -0.00 0.00 60.00 -30.00
13.72 0.32 0.36 0.32 0.36 0.00 0.00 -0.00 0.00 60.00 -30.00
13.74 0.32 0.36 0.32 0.36 0.00 0.00 -0.00 0.00 60.00 -30.00
13.76 0.32 0.36 0.32 0.36 0.00 0.00 -0.00 0.00 60.00 -30.00
13.78 0.32 0.36 0.32 0.36 0.00 0.00 -0.00 0.00 60.00 -30.00
13.80 0.32 0.36 0.32 0.36 0.00 0.00 -0.00 0.00 60.00 -30.00
13.82 0.32 0.36 0.32 0.36 0.00 0.00 -0.00 0.00 60.00 -30.00
13.84 0.32 0.36 0.32 0.36 0.00 0.00 -0.00 0.00 60.00 -30.00
13.86 0.32 0.36 0.32 0.36 0.00 0.00 -0.00 0.00 60.00 -30.00
13.88 0.32 0.36 0.32 0.36 0.00 0.00 -0.00 0.00 60.00 -30.00
13.90 0.32 0.36 0.32 0.36 0.00 0.00 -0.00 0.00 60.00 -30.00
13.92 0.32 0.36 0.32 0.36 0.00 0.00 -0.00 0.00 60.00 -30.00
13.94 0.32 0.36 0.32 0.36 0.00 0.00 -0.00 0.00 60.00 -30.00
13.96 0.32 0.36 0.32 0.36 0.00 0.00 -0.00 0.00 60.00 -30.00
13.98 0.32 0.36 0.32 0.36 0.00 0.00 -0.00 0.00 60.00 -30.00
14.00 0.32 0.36 0.32 0.36 0.00 0.00 -0.00 0.00 60.00 -30.00
14.02 0.32 0.36 0.32 0.36 0.00 0.00 -0.00 0.00 60.00 -30.00
14.04 0.32 0.36 0.32 0.36 0.00 0.00 -0.00 0.00 60.00 -30.00
14.06 0.32 0.36 0.32 0.36 0.00 0.00 -0.00 0.00 60.00 -30.00
14.08 0.32 0.36 0.32 0.36 0.00 0.00 -0.00 0.00 60.00 -30.00
14.10 0.32 0.36 0.32 0.36 0.00 0.00 -0.00 0.00 60.00 -30.00
14.12 0.32 0.36 0.32 0.36 0.00 0.00 -0.00 0.00 60.00 -30.00
14.14 0.32 0.36 0.32 0.36 0.00 0.00 -0.00 0.00 60.00 -30.00
14.16 0.32 0.36 0.32 0.36 0.00 0.00 -0.00 0.00 60.00 -30.00
14.18 0.32 0.36 0.32 0.36 0.00 0.00 -0.00 0.00 60.00 -30.00
14.20 0.32 0.36 0.32 0.36 0.00 0.00 -0.00 0.00 60.00 -30.00
14.22 0.32 0.36 0.32 0.36 0.00 0.00 -0.00 0.00 60.00 -30.00
14.24 0.32 0.36 0.32 0.36 0.00 0.00 -0.00 0.00 60.00 -30.00
14.26 0.32 0.36 0.32 0.36 0.00 0.00 -0.00 0.00 60.00 -30.00
14.28 0.32 0.36 0.32 0.36 0.00 0.00 -0.00 0.00 60.00 -30.00
14.30 0.32 0.36 0.32 0.36 0.00 0.00 -0.00 0.00 60.00 -30.00
14.32 0.32 0.36 0.32 0.36 0.00 0.00 -0.00 0.00 60.00 -30.00
14.34 0.32 0.36 0.32 0.36 0.00 0.00 -0.00 0.00 60.00 -30.00
14.36 0.32 0.36 0.32 0.36 0.00 0.00 -0.00 0.00 60.00 -30.00
14.38 0.32 0.36 0.32 0.36 0.00 0.00 -0.00 0.00 60.00 -30.00
14.40 0.32 0.36 0.32 0.36 0.00 0.00 -0.00 0.00 60.00 -30.00
14.42 0.32 0.36 0.32 0.36 0.00 0.00 -0.00 0.00 60.00 -30.00
14.44 0.32 0.36 0.32 0.36 0.00 0.00 -0.00 0.00 60.00 -30.00
14.46 0.32 0.36 0.32 0.36 0.00 0.00 -0.00 0.00 60.00 -30.00
14.48 0.32 0.36 0.32 0.36 0.00 0.00 -0.00 0.00 60.00 -30.00
14.50 0.32 0.36 0.32 0.36 0.00 0.00 -0.00 0.00 60.00 -30.00
14.52 0.32 0.36 0.32 0.36 0.00 0.00 -0.00 0.00 60.00 -30.00
14.54 0.32 0.36 0.32 0.36 0.00 0.00 -0.00 0.00 60.00 -30.00
14.56 0.32 0.36 0.32 0.36 0.00 0.00 -0.00 0.00 60.00 -30.00
14.58 0.32 0.36 0.32 0.36 0.00 0.00 -0.00 0.00 60.00 -30.00
14.60 0.32 0.36 0.32 0.36 0.00 0.00 -0.00 0.00 60.00 -30.00
14.62 0.32 0.36 0.32 0.36 0.00 0.00 -0.00 0.00 60.00 -30.00
14.64 0.32 0.36 0.32 0.36 0.00 0.00 -0.00 0.00 60.00 -30.00
14.66 0.32 0.36 0.32 0.36 0.00 0.00 -0.00 0.00 60.00 -30.00
14.68 0.32 0.36 0.32 0.36 0.00 0.00 -0.00 0.00 60.00 -30.00
14.70 0.32 0.36 0.32 0.36 0.00 0.00 -0.00 0.00 60.00 -30.00
14.72 0.32 0.36 0.32 0.36 0.00 0.00 -0.00 0.00 60.00 -30.00
14.74 0.32 0.36 0.32 0.36 0.00 0.00 -0.00 0.00 60.00 -30.00
14.76 0.32 0.36 0.32 0.36 0.00 0.00 -0.00 0.00 60.00 -30.00
14.78 0.32 0.36 0.32 0.36 0.00 0.00 -0.00 0.00 60.00 -30.00
14.80 0.32 0.36 0.32 0.36 0.00 0.00 -0.00 0.00 60.00 -30.00
14.82 0.32 0.36 0.32 0.36 0.00 0.00 -0.00 0.00 60.00 -30.00
14.84 0.32 0.36 0.32 0.36 0.00 0.00 -0.00 0.00 60.00 -30.00
14.86 0.32 0.36 0.32 0.36 0.00 0.00 -0.00 0.00 60.00 -30.00
14.88 0.32 0.36 0.32 0.36 0.00 0.00 -0.00 0.00 60.00 -30.00
14.90 0.32 0.36 0.32 0.36 0.00 0.00 -0.00 0.00 60.00 -30.00
14.92 0.32 0.36 0.32 0.36 0.00 0.00 -0.00 0.00 60.00 -30.00
14.94 0.32 0.36 0.32 0.36 0.00 0.00 -0.00 0.00 60.00 -30.00
14.96 0.32 0.36 0.32 0.36 0.00 0.00 -0.00 0.00 60.00 -30.00
14.98 0.32 0.36 0.32 0.36 0.00 0.00 -0.00 0.00 60.00 -30.00
15.00 0.32 0.36 0.32 0.36 0.00 0.00 -0.00 0.00 60.00 -30.00
15.02 0.32 0.36 0.32 0.36 0.00 0.00 -0.00 0.00 60.00 -30.00
15.04 0.32 0.36 0.32 0.36 0.00 0.00 -0.00 0.00 60.00 -30.00
15.06 0.32 0.36 0.32 0.36 0.00 0.00 -0.00 0.00 60.00 -30.00
15.08 0.32 0.36 0.32 0.36 0.00 0.00 -0.00 0.00 60.00 -30.00
15.10 0.32 0.36 0.32 0.36 0.00 0.00 -0.00 0.00 60.00 -30.00
15.12 0.32 0.36 0.32 0.36 0.00 0.00 -0.00 0.00 60.00 -30.00
15.14 0.32 0.36 0.32 0.36 0.00 0.00 -0.00 0.00 60.00 -30.00
15.16 0.32 0.36 0.32 0.36 0.00 0.00 -0.00 0.00 60.00 -30.00
15.18 0.32 0.36 0.32 0.36 0.00 0.00 -0.00 0.00 60.00 -30.00
15.20 0.32 0.36 0.32 0.36 0.00 0.00 -0.00 0.00 60.00 -30.00
15.22 0.32 0.36 0.32 0.36 0.00 0.00 -0.00 0.00 60.00 -30.00
15.24 0.32 0.36 0.32 0.36 0.00 0.00 -0.00 0.00 60.00 -30.00
15.26 0.32 0.36 0.32 0.36 0.00 0.00 -0.00 0.00 60.00 -30.00
15.28 0.32 0.36 0.32 0.36 0.00 0.00 -0.00 0.00 60.00 -30.00
15.30 0.32 0.36 0.32 0.36 0.00 0.00 -0.00 0.00 60.00 -30.00
15.32 0.32 0.36 0.32 0.36 0.00 0.00 -0.00 0.00 60.00 -30.00
15.34 0.32 0.36 0.32 0.36 0.00 0.00 -0.00 0.00 60.00 -30.00
15.36 0.32 0.36 0.32 0.36 0.00 0.00 -0.00 0.00 60.00 -30.00
15.38 0.32 0.36 0.32 0.36 0.00 0.00 -0.00 0.00 60.00 -30.00
15.40 0.32 0.36 0.32 0.36 0.00 0.00 -0.00 0.00 60.00 -30.00
15.42 0.32 0.36 0.32 0.36 0.00 0.00 -0.00 0.00 60.00 -30.00
15.44 0.32 0.36 0.32 0.36 0.00 0.00 -0.00 0.00 60.00 -30.00
15.46 0.32 0.36 0.32 0.36 0.00 0.00 -0.00 0.00 60.00 -30.00
15.48 0.32 0.36 0.32 0.36 0.00 0.00 -0.00 0.00 60.00 -30.00
15.50 0.32 0.36 0.32 0.36 0.00 0.00 -0.00 0.00 60.00 -30.00
15.52 0.32 0.36 0.32 0.36 0.00 0.00 -0.00 0.00 60.00 -30.00
15.54 0.32 0.36 0.32 0.36 0.00 0.00 -0.00 0.00 60.00 -30.00
15.56 0.32 0.36 0.32 0.36 0.00 0.00 -0.00 0.00 60.00 -30.00
15.58 0.32 0.36 0.32 0.36 0.00 0.00 -0.00 0.00 60.00 -30.00
15.60 0.32 0.36 0.32 0.36 0.00 0.00 -0.00 0.00 60.00 -30.00
15.62 0.32 0.36 0.32 0.36 0.00 0.00 -0.00 0.00 60.00 -30.00
15.64 0.32 0.36 0.32 0.36 0.00 0.00 -0.00 0.00 60.00 -30.00
15.66 0.32 0.36 0.32 0.36 0.00 0.00 -0.00 0.00 60.00 -30.00
15.68 0.32 0.36 0.32 0.36 0.00 0.00 -0.00 0.00 60.00 -30.00
15.70 0.32 0.36 0.32 0.36 0.00 0.00 -0.00 0.00 60.00 -30.00
15.72 0.32 0.36 0.32 0.36 0.00 0.00 -0.00 0.00 60.00 -30.00
15.74 0.32 0.36 0.32 0.36 0.00 0.00 -0.00 0.00 60.00 -30.00
15.76 0.32 0.36 0.32 0.36 0.00 0.00 -0.00 0.00 60.00 -30.00
15.78 0.32 0.36 0.32 0.36 0.00 0.00 -0.00 0.00 60.00 -30.00
15.80 0.32 0.36 0.32 0.36 0.00 0.00 -0.00 0.00 60.00 -30.00
15.82 0.32 0.36 0.32 0.36 0.00 0.00 -0.00 0.00 60.00 -30.00
15.84 0.32 0.36 0.32 0.36 0.00 0.00 -0.00 0.00 60.00 -30.00
15.86 0.32 0.36 0.32 0.36 0.00 0.00 -0.00 0.00 60.00 -30.00
15.88 0.32 0.36 0.32 0.36 0.00 0.00 -0.00 0.00 60.00 -30.00
15.90 0.32 0.36 0.32 0.36 0.00 0.00 -0.00 0.00 60.00 -30.00
15.92 0.32 0.36 0.32 0.36 0.00 0.00 -0.00 0.00 60.00 -30.00
15.94 0.32 0.36 0.32 0.36 0.00 0.00 -0.00 0.00 60.00 -30.00
15.96 0.32 0.36 0.32 0.36 0.00 0.00 -0.00 0.00 60.00 -30.00
15.98 0.32 0.36 0.32 0.36 0.00 0.00 -0.00 0.00 60.00 -30.00
16.00 0.32 0.36 0.32 0.36 0.00 0.00 -0.00 0.00 60.00 -30.00
16.02 0.32 0.36 0.32 0.36 0.00 0.00 -0.00 0.00 60.00 -30.00
16.04 0.32 0.36 0.32 0.36 0.00 0.00 -0.00 0.00 60.00 -30.00
16.06 0.32 0.36 0.32 0.36 0.00 0.00 -0.00 0.00 60.00 -30.00
16.08 0.32 0.36 0.32 0.36 0.00 0.00 -0.00 0.00 60.00 -30.00
16.10 0.32 0.36 0.32 0.36 0.00 0.00 -0.00 0.00 60.00 -30.00
16.12 0.32 0.36 0.32 0.36 0.00 0.00 -0.00 0.00 60.00 -30.00
16.14 0.32 0.36 0.32 0.36 0.00 0.00 -0.00 0.00 60.00 -30.00
16.16 0.32 0.36 0.32 0.36 0.00 0.00 -0.00 0.00 60.00 -30.00
16.18 0.32 0.36 0.32 0.36 0.00 0.00 -0.00 0.00 60.00 -30.00
16.20 0.32 0.36 0.32 0.36 0.00 0.00 -0.00 0.00 60.00 -30.00
16.22 0.32 0.36 0.32 0.36 0.00 0.00 -0.00 0.00 60.00 -30.00
16.24 0.32 0.36 0.32 0.36 0.00 0.00 -0.00 0.00 60.00 -30.00
16.26 0.32 0.36 0.32 0.36 0.00 0.00 -0.00 0.00 60.00 -30.00
16.28 0.32 0.36 0.32 0.36 0.00 0.00 -0.00 0.00 60.00 -30.00
16.30 0.32 0.36 0.32 0.36 0.00 0.00 -0.00 0.00 60.00 -30.00
16.32 0.32 0.36 0.32 0.36 0.00 0.00 -0.00 0.00 60.00 -30.00
16.34 0.32 0.36 0.32 0.36 0.00 0.00 -0.00 0.00 60.00 -30.00
16.36 0.32 0.36 0.32 0.36 0.00 0.00 -0.00 0.00 60.00 -30.00
16.38 0.32 0.36 0.32 0.36 0.00 0.00 -0.00 0.00 60.00 -30.00
16.40 0.32 0.36 0.32 0.36 0.00 0.00 -0.00 0.00 60.00 -30.00
16.42 0.32 0.36 0.32 0.36 0.00 0.00 -0.00 0.00 60.00 -30.00
16.44 0.32 0.36 0.32 0.36 0.00 0.00 -0.00 0.00 60.00 -30.00
16.46 0.32 0.36 0.32 0.36 0.00 0.00 -0.00 0.00 60.00 -30.00
16.48 0.32 0.36 0.32 0.36 0.00 0.00 -0.00 0.00 60.00 -30.00
16.50 0.32 0.36 0.32 0.36 0.00 0.00 -0.00 0.00 60.00 -30.00
16.52 0.32 0.36 0.32 0.36 0.00 0.00 -0.00 0.00 60.00 -30.00
16.54 0.32 0.36 0.32 0.36 0.00 0.00 -0.00 0.00 60.00 -30.00
16.56 0.32 0.36 0.32 0.36 0.00 0.00 -0.00 0.00 60.00 -30.00
16.58 0.32 0.36 0.32 0.36 0.00 0.00 -0.00 0.00 60.00 -30.00
16.60 0.32 0.36 0.32 0.36 0.00 0.00 -0.00 0.00 60.00 -30.00
16.62 0.32 0.36 0.32 0.36 0.00 0.00 -0.00 0.00 60.00 -30.00
16.64 0.32 0.36 0.32 0.36 0.00 0.00 -0.00 0.00 60.00 -30.00
16.66 0.32 0.36 0.32 0.36 0.00 0.00 -0.00 0.00 60.00 -30.00
16.68 0.32 0.36 0.32 0.36 0.00 0.00 -0.00 0.00 60.00 -30.00
16.70 0.32 0.36 0.32 0.36 0.00 0.00 -0.00 0.00 60.00 -30.00
16.72 0.32 0.36 0.32 0.36 0.00 0.00 -0.00 0.00 60.00 -30.00
16.74 0.32 0.36 0.32 0.36 0.00 0.00 -0.00 0.00 60.00 -30.00
16.76 0.32 0.36 0.32 0.36 0.00 0.00 -0.00 0.00 60.00 -30.00
16.78 0.32 0.36 0.32 0.36 0.00 0.00 -0.00 0.00 60.00 -30.00
16.80 0.32 0.36 0.32 0.36 0.00 0.00 -0.00 0.00 60.00 -30.00
16.82 0.32 0.36 0.32 0.36 0.00 0.00 -0.00 0.00 60.00 -30.00
16.84 0.32 0.36 0.32 0.36 0.00 0.00 -0.00 0.00 60.00 -30.00
16.86 0.32 0.36 0.32 0.36 0.00 0.00 -0.00 0.00 60.00 -30.00
16.88 0.32 0.36 0.32 0.36 0.00 0.00 -0.00 0.00 60.00 -30.00
16.90 0.32 0.36 0.32 0.36 0.00 0.00 -0.00 0.00 60.00 -30.00
16.92 0.32 0.36 0.32 0.36 0.00 0.00 -0.00 0.00 60.00 -30.00
16.94 0.32 0.36 0.32 0.36 0.00 0.00 -0.00 0.00 60.00 -30.00
16.96 0.32 0.36 0.32 0.36 0.00 0.00 -0.00 0.00 60.00 -30.00
16.98 0.32 0.36 0.32 0.36 0.00 0.00 -0.00 0.00 60.00 -30.00
17.00 0.32 0.36 0.32 0.36 0.00 0.00 -0.00 0.00 60.00 -30.00
17.02 0.32 0.36 0.32 0.36 0.00 0.00 -0.00 0.00 60.00 -30.00
17.04 0.32 0.36 0.32 0.36 0.00 0.00 -0.00 0.00 60.00 -30.00
17.06 0.32 0.36 0.32 0.36 0.00 0.00 -0.00 0.00 60.00 -30.00
17.08 0.32 0.36 0.32 0.36 0.00 0.00 -0.00 0.00 60.00 -30.00
17.10 0.32 0.36 0.32 0.36 0.00 0.00 -0.00 0.00 60.00 -30.00
17.12 0.32 0.36 0.32 0.36 0.00 0.00 -0.00 0.00 60.00 -30.00
17.14 0.32 0.36 0.32 0.36 0.00 0.00 -0.00 0.00 60.00 -30.00
17.16 0.32 0.36 0.32 0.36 0.00 0.00 -0.00 0.00 60.00 -30.00
17.18 0.32 0.36 0.32 0.36 0.00 0.00 -0.00 0.00 60.00 -30.00
17.20 0.32 0.36 0.32 0.36 0.00 0.00 -0.00 0.00 60.00 -30.00
17.22 0.32 0.36 0.32 0.36 0.00 0.00 -0.00 0.00 60.00 -30.00
17.24 0.32 0.36 0.32 0.36 0.00 0.00 -0.00 0.00 60.00 -30.00
17.26 0.32 0.36 0.32 0.36 0.00 0.00 -0.00 0.00 60.00 -30.00
17.28 0.32 0.36 0.32 0.36 0.00 0.00 -0.00 0.00 60.00 -30.00
17.30 0.32 0.36 0.32 0.36 0.00 0.00 -0.00 0.00 60.00 -30.00
17.32 0.32 0.36 0.32 0.36 0.00 0.00 -0.00 0.00 60.00 -30.00
17.34 0.32 0.36 0.32 0.36 0.00 0.00 -0.00 0.00 60.00 -30.00
17.36 0.32 0.36 0.32 0.36 0.00 0.00 -0.00 0.00 60.00 -30.00
17.38 0.32 0.36 0.32 0.36 0.00 0.00 -0.00 0.00 60.00 -30.00
17.40 0.32 0.36 0.32 0.36 0.00 0.00 -0.00 0.00 60.00 -30.00
17.42 0.32 0.36 0.32 0.36 0.00 0.00 -0.00 0.00 60.00 -30.00
17.44 0.32 0.36 0.32 0.36 0.00 0.00 -0.00 0.00 60.00 -30.00
17.46 0.32 0.36 0.32 0.36 0.00 0.00 -0.00 0.00 60.00 -30.00
17.48 0.32 0.36 0.32 0.36 0.00 0.00 -0.00 0.00 60.00 -30.00
17.50 0.32 0.36 0.32 0.36 0.00 0.00 -0.00 0.00 60.00 -30.00
17.52 0.32 0.36 0.32 0.36 0.00 0.00 -0.00 0.00 60.00 -30.00
17.54 0.32 0.36 0.32 0.36 0.00 0.00 -0.00 0.00 60.00 -30.00
17.56 0.32 0.36 0.32 0.36 0.00 0.00 -0.00 0.00 60.00 -30.00
17.58 0.32 0.36 0.32 0.36 0.00 0.00 -0.00 0.00 60.00 -30.00
17.60 0.32 0.36 0.32 0.36 0.00 0.00 -0.00 0.00 60.00 -30.00
17.62 0.32 0.36 0.32 0.36 0.00 0.00 -0.00 0.00 60.00 -30.00
17.64 0.32 0.36 0.32 0.36 0.00 0.00 -0.00 0.00 60.00 -30.00
17.66 0.32 0.36 0.32 0.36 0.00 0.00 -0.00 0.00 60.00 -30.00
17.68 0.32 0.36 0.32 0.36 0.00 0.00 -0.00 0.00 60.00 -30.00
17.70 0.32 0.36 0.32 0.36 0.00 0.00 -0.00 0.00 60.00 -30.00
17.72 0.32 0.36 0.32 0.36 0.00 0.00 -0.00 0.00 60.00 -30.00
17.74 0.32 0.36 0.32 0.36 0.00 0.00 -0.00 0.00 60.00 -30.00
17.76 0.32 0.36 0.32 0.36 0.00 0.00 -0.00 0.00 60.00 -30.00
17.78 0.32 0.36 0.32 0.36 0.00 0.00 -0.00 0.00 60.00 -30.00
17.80 0.32 0.36 0.32 0.36 0.00 0.00 -0.00 0.00 60.00 -30.00
17.82 0.32 0.36 0.32 0.36 0.00 0.00 -0.00 0.00 60.00 -30.00
17.84 0.32 0.36 0.32 0.36 0.00 0.00 -0.00 0.00 60.00 -30.00
17.86 0.32 0.36 0.32 0.36 0.00 0.00 -0.00 0.00 60.00 -30.00
17.88 0.32 0.36 0.32 0.36 0.00 0.00 -0.00 0.00 60.00 -30.00
17.90 0.32 0.36 0.32 0.36 0.00 0.00 -0.00 0.00 60.00 -30.00
17.92 0.32 0.36 0.32 0.36 0.00 0.00 -0.00 0.00 60.00 -30.00
17.94 0.32 0.36 0.32 0.36 0.00 0.00 -0.00 0.00 60.00 -30.00
17.96 0.32 0.36 0.32 0.36 0.00 0.00 -0.00 0.00 60.00 -30.00
17.98 0.32 0.36 0.32 0.36 0.00 0.00 -0.00 0.00 60.00 -30.00
18.00 0.32 0.36 0.32 0.36 0.00 0.00 -0.00 0.00 60.00 -30.00
18.02 0.32 0.36 0.32 0.36 0.00 0.00 -0.00 0.00 60.00 -30.00
18.04 0.32 0.36 0.32 0.36 0.00 0.00 -0.00 0.00 60.00 -30.00
18.06 0.32 0.36 0.32 0.36 0.00 0.00 -0.00 0.00 60.00 -30.00
18.08 0.32 0.36 0.32 0.36 0.00 0.00 -0.00 0.00 60.00 -30.00
18.10 0.32 0.36 0.32 0.36 0.00 0.00 -0.00 0.00 60.00 -30.00
18.12 0.32 0.36 0.32 0.36 0.00 0.00 -0.00 0.00 60.00 -30.00
18.14 0.32 0.36 0.32 0.36 0.00 0.00 -0.00 0.00 60.00 -30.00
18.16 0.32 0.36 0.32 0.36 0.00 0.00 -0.00 0.00 60.00 -30.00
18.18 0.32 0.36 0.32 0.36 0.00 0.00 -0.00 0.00 60.00 -30.00
18.20 0.32 0.36 0.32 0.36 0.00 0.00 -0.00 0.00 60.00 -30.00
18.22 0.32 0.36 0.32 0.36 0.00 0.00 -0.00 0.00 60.00 -30.00
18.24 0.32 0.36 0.32 0.36 0.00 0.00 -0.00 0.00 60.00 -30.00
18.26 0.32 0.36 0.32 0.36 0.00 0.00 -0.00 0.00 60.00 -30.00
18.28 0.32 0.36 0.32 0.36 0.00 0.00 -0.00 0.00 60.00 -30.00
18.30 0.32 0.36 0.32 0.36 0.00 0.00 -0.00 0.00 60.00 -30.00
18.32 0.32 0.36 0.32 0.36 0.00 0.00 -0.00 0.00 60.00 -30.00
18.34 0.32 0.36 0.32 0.36 0.00 0.00 -0.00 0.00 60.00 -30.00
18.36 0.32 0.36 0.32 0.36 0.00 0.00 -0.00 0.00 60.00 -30.00
18.38 0.32 0.36 0.32 0.36 0.00 0.00 -0.00 0.00 60.00 -30.00
18.40 0.32 0.36 0.32 0.36 0.00 0.00 -0.00 0.00 60.00 -30.00
18.42 0.32 0.36 0.32 0.36 0.00 0.00 -0.00 0.00 60.00 -30.00
18.44 0.32 0.36 0.32 0.36 0.00 0.00 -0.00 0.00 60.00 -30.00
18.46 0.32 0.36 0.32 0.36 0.00 0.00 -0.00 0.00 60.00 -30.00
18.48 0.32 0.36 0.32 0.36 0.00 0.00 -0.00 0.00 60.00 -30.00
18.50 0.32 0.36 0.32 0.36 0.00 0.00 -0.00 0.00 60.00 -30.00
18.52 0.32 0.36 0.32 0.36 0.00 0.00 -0.00 0.00 60.00 -30.00
18.54 0.32 0.36 0.32 0.36 0.00 0.00 -0.00 0.00 60.00 -30.00
18.56 0.32 0.36 0.32 0.36 0.00 0.00 -0.00 0.00 60.00 -30.00
18.58 0.32 0.36 0.32 0.36 0.00 0.00 -0.00 0.00 60.00 -30.00
18.60 0.32 0.36 0.32 0.36 0.00 0.00 -0.00 0.00 60.00 -30.00
18.62 0.32 0.36 0.32 0.36 0.00 0.00 -0.00 0.00 60.00 -30.00
18.64 0.32 0.36 0.32 0.36 0.00 0.00 -0.00 0.00 60.00 -30.00
18.66 0.32 0.36 0.32 0.36 0.00 0.00 -0.00 0.00 60.00 -30.00
18.68 0.32 0.36 0.32 0.36 0.00 0.00 -0.00 0.00 60.00 -30.00
18.70 0.32 0.36 0.32 0.36 0.00 0.00 -0.00 0.00 60.00 -30.00
18.72 0.32 0.36 0.32 0.36 0.00 0.00 -0.00 0.00 60.00 -30.00
18.74 0.32 0.36 0.32 0.36 0.00 0.00 -0.00 0.00 60.00 -30.00
18.76 0.32 0.36 0.32 0.36 0.00 0.00 -0.00 0.00 60.00 -30.00
18.78 0.32 0.36 0.32 0.36 0.00 0.00 -0.00 0.00 60.00 -30.00
18.80 0.32 0.36 0.32 0.36 0.00 0.00 -0.00 0.00 60.00 -30.00
18.82 0.32 0.36 0.32 0.36 0.00 0.00 -0.00 0.00 60.00 -30.00
18.84 0.32 0.36 0.32 0.36 0.00 0.00 -0.00 0.00 60.00 -30.00
18.86 0.32 0.36 0.32 0.36 0.00 0.00 -0.00 0.00 60.00 -30.00
18.88 0.32 0.36 0.32 0.36 0.00 0.00 -0.00 0.00 60.00 -30.00
18.90 0.32 0.36 0.32 0.36 0.00 0.00 -0.00 0.00 60.00 -30.00
18.92 0.32 0.36 0.32 0.36 0.00 0.00 -0.00 0.00 60.00 -30.00
18.94 0.32 0.36 0.32 0.36 0.00 0.00 -0.00 0.00 60.00 -30.00
18.96 0.32 0.36 0.32 0.36 0.00 0.00 -0.00 0.00 60.00 -30.00
18.98 0.32 0.36 0.32 0.36 0.00 0.00 -0.00 0.00 60.00 -30.00
19.00 0.32 0.36 0.32 0.36 0.00 0.00 -0.00 0.00 60.00 -30.00
19.02 0.32 0.36 0.32 0.36 0.00 0.00 -0.00 0.00 60.00 -30.00
19.04 0.32 0.36 0.32 0.36 0.00 0.00 -0.00 0.00 60.00 -30.00
19.06 0.32 0.36 0.32 0.36 0.00 0.00 -0.00 0.00 60.00 -30.00
19.08 0.32 0.36 0.32 0.36 0.00 0.00 -0.00 0.00 60.00 -30.00
19.10 0.32 0.36 0.32 0.36 0.00 0.00 -0.00 0.00 60.00 -30.00
19.12 0.32 0.36 0.32 0.36 0.00 0.00 -0.00 0.00 60.00 -30.00
19.14 0.32 0.36 0.32 0.36 0.00 0.00 -0.00 0.00 60.00 -30.00
19.16 0.32 0.36 0.32 0.36 0.00 0.00 -0.00 0.00 60.00 -30.00
19.18 0.32 0.36 0.32 0.36 0.00 0.00 -0.00 0.00 60.00 -30.00
19.20 0.32 0.36 0.32 0.36 0.00 0.00 -0.00 0.00 60.00 -30.00
19.22 0.32 0.36 0.32 0.36 0.00 0.00 -0.00 0.00 60.00 -30.00
19.24 0.32 0.36 0.32 0.36 0.00 0.00 -0.00 0.00 60.00 -30.00
19.26 0.32 0.36 0.32 0.36 0.00 0.00 -0.00 0.00 60.00 -30.00
19.28 0.32 0.36 0.32 0.36 0.00 0.00 -0.00 0.00 60.00 -30.00
19.30 0.32 0.36 0.32 0.36 0.00 0.00 -0.00 0.00 60.00 -30.00
19.32 0.32 0.36 0.32 0.36 0.00 0.00 -0.00 0.00 60.00 -30.00
19.34 0.32 0.36 0.32 0.36 0.00 0.00 -0.00 0.00 60.00 -30.00
19.36 0.32 0.36 0.32 0.36 0.00 0.00 -0.00 0.00 60.00 -30.00
19.38 0.32 0.36 0.32 0.36 0.00 0.00 -0.00 0.00 60.00 -30.00
19.40 0.32 0.36 0.32 0.36 0.00 0.00 -0.00 0.00 60.00 -30.00
19.42 0.32 0.36 0.32 0.36 0.00 0.00 -0.00 0.00 60.00 -30.00
19.44 0.32 0.36 0.32 0.36 0.00 0.00 -0.00 0.00 60.00 -30.00
19.46 0.32 0.36 0.32 0.36 0.00 0.00 -0.00 0.00 60.00 -30.00
19.48 0.32 0.36 0.32 0.36 0.00 0.00 -0.00 0.00 60.00 -30.00
19.50 0.32 0.36 0.32 0.36 0.00 0.00 -0.00 0.00 60.00 -30.00
19.52 0.32 0.36 0.32 0.36 0.00 0.00 -0.00 0.00 60.00 -30.00
19.54 0.32 0.36 0.32 0.36 0.00 0.00 -0.00 0.00 60.00 -30.00
19.56 0.32 0.36 0.32 0.36 0.00 0.00 -0.00 0.00 60.00 -30.00
19.58 0.32 0.36 0.32 0.36 0.00 0.00 -0.00 0.00 60.00 -30.00
19.60 0.32 0.36 0.32 0.36 0.00 0.00 -0.00 0.00 60.00 -30.00
19.62 0.32 0.36 0.32 0.36 0.00 0.00 -0.00 0.00 60.00 -30.00
19.64 0.32 0.36 0.32 0.36 0.00 0.00 -0.00 0.00 60.00 -30.00
19.66 0.32 0.36 0.32 0.36 0.00 0.00 -0.00 0.00 60.00 -30.00
19.68 0.32 0.36 0.32 0.36 0.00 0.00 -0.00 0.00 60.00 -30.00
19.70 0.32 0.36 0.32 0.36 0.00 0.00 -0.00 0.00 60.00 -30.00
19.72 0.32 0.36 0.32 0.36 0.00 0.00 -0.00 0.00 60.00 -30.00
19.74 0.32 0.36 0.32 0.36 0.00 0.00 -0.00 0.00 60.00 -30.00
19.76 0.32 0.36 0.32 0.36 0.00 0.00 -0.00 0.00 60.00 -30.00
19.78 0.32 0.36 0.32 0.36 0.00 0.00 -0.00 0.00 60.00 -30.00
19.80 0.32 0.36 0.32 0.36 0.00 0.00 -0.00 0.00 60.00 -30.00
19.82 0.32 0.36 0.32 0.36 0.00 0.00 -0.00 0.00 60.00 -30.00
19.84 0.32 0.36 0.32 0.36 0.00 0.00 -0.00 0.00 60.00 -30.00
19.86 0.32 0.36 0.32 0.36 0.00 0.00 -0.00 0.00 60.00 -30.00
19.88 0.32 0.36 0.32 0.36 0.00 0.00 -0.00 0.00 60.00 -30.00
19.90 0.32 0.36 0.32 0.36 0.00 0.00 -0.00 0.00 60.00 -30.00
19.92 0.32 0.36 0.32 0.36 0.00 0.00 -0.00 0.00 60.00 -30.00
19.94 0.32 0.36 0.32 0.36 0.00 0.00 -0.00 0.00 60.00 -30.00
19.96 0.32 0.36 0.32 0.36 0.00 0.00 -0.00 0.00 60.00 -30.00
19.98 0.32 0.36 0.32 0.36 0.00 0.00 -0.00 0.00 60.00 -30.00
20.00 0.32 0.36 0.32 0.36 0.00 0.00 -0.00 0.00 60.00 -30.00
20.02 0.32 0.36 0.32 0.36 0.00 0.00 -0.00 0.00 60.00 -30.00
20.04 0.32 0.36 0.32 0.36 0.00 0.00 -0.00 0.00 60.00 -30.00
20.06 0.32 0.36 0.32 0.36 0.00 0.00 -0.00 0.00 60.00 -30.00
20.08 0.32 0.36 0.32 0.36 0.00 0.00 -0.00 0.00 60.00 -30.00
20.10 0.32 0.36 0.32 0.36 0.00 0.00 -0.00 0.00 60.00 -30.00
20.12 0.32 0.36 0.32 0.36 0.00 0.00 -0.00 0.00 60.00 -30.00
20.14 0.32 0.36 0.32 0.36 0.00 0.00 -0.00 0.00 60.00 -30.00
20.16 0.32 0.36 0.32 0.36 0.00 0.00 -0.00 0.00 60.00 -30.00
20.18 0.32 0.36 0.32 0.36 0.00 0.00 -0.00 0.00 60.00 -30.00
20.20 0.32 0.36 0.32 0.36 0.00 0.00 -0.00 0.00 60.00 -30.00
20.22 0.32 0.36 0.32 0.36 0.00 0.00 -0.00 0.00 60.00 -30.00
20.24 0.32 0.36 0.32 0.36 0.00 0.00 -0.00 0.00 60.00 -30.00
20.26 0.32 0.36 0.32 0.36 0.00 0.00 -0.00 0.00 60.00 -30.00
20.28 0.32 0.36 0.32 0.36 0.00 0.00 -0.00 0.00 60.00 -30.00
20.30 0.32 0.36 0.32 0.36 0.00 0.00 -0.00 0.00 60.00 -30.00
20.32 0.32 0.36 0.32 0.36 0.00 0.00 -0.00 0.00 60.00 -30.00
20.34 0.32 0.36 0.32 0.36 0.00 0.00 -0.00 0.00 60.00 -30.00
20.36 0.32 0.36 0.32 0.36 0.00 0.00 -0.00 0.00 60.00 -30.00
20.38 0.32 0.36 0.32 0.36 0.00 0.00 -0.00 0.00 60.00 -30.00
20.40 0.32 0.36 0.32 0.36 0.00 0.00 -0.00 0.00 60.00 -30.00
20.42 0.32 0.36 0.32 0.36 0.00 0.00 -0.00 0.00 60.00 -30.00
20.44 0.32 0.36 0.32 0.36 0.00 0.00 -0.00 0.00 60.00 -30.00
